     0.080     0.080       0.18654121459
     0.120     0.080       0.19888749719
     0.160     0.080       0.19598433375
     0.200     0.080       0.19065839052
     0.240     0.080       0.18977651000
     0.280     0.080       0.19178442657
     0.320     0.080       0.19306184351
     0.360     0.080       0.19314894080
     0.400     0.080       0.19377031922
     0.440     0.080       0.19536820054
     0.480     0.080       0.19633263350
     0.520     0.080       0.19523753226
     0.560     0.080       0.19286596775
     0.600     0.080       0.19150333107
     0.640     0.080       0.19242808223
     0.680     0.080       0.19472630322
     0.720     0.080       0.19664910436
     0.760     0.080       0.19741180539
     0.800     0.080       0.19737595320
     0.840     0.080       0.19712835550
     0.880     0.080       0.19703398645
     0.920     0.080       0.19734728336
     0.960     0.080       0.19796492159
     1.000     0.080       0.19803513587
     1.040     0.080       0.19685347378
     1.080     0.080       0.19529755414
     1.120     0.080       0.19528391957
     1.160     0.080       0.19729067385
     1.200     0.080       0.19902877510
     1.240     0.080       0.19763454795
     1.280     0.080       0.19392023981
     1.320     0.080       0.19267927110
     1.360     0.080       0.19557774067
     1.400     0.080       0.19626829028
     1.440     0.080       0.18845541775
     1.480     0.080       0.17743244767
     1.520     0.080       0.17469206452
     1.560     0.080       0.17928618193
     1.600     0.080       0.17414499819
     0.080     0.120       0.19793912768
     0.120     0.120       0.21070396900
     0.160     0.120       0.20838342607
     0.200     0.120       0.20364506543
     0.240     0.120       0.20405945182
     0.280     0.120       0.20746494830
     0.320     0.120       0.20817495883
     0.360     0.120       0.20521079004
     0.400     0.120       0.20246881247
     0.440     0.120       0.20279493928
     0.480     0.120       0.20491558313
     0.520     0.120       0.20598804951
     0.560     0.120       0.20528230071
     0.600     0.120       0.20447392762
     0.640     0.120       0.20492011309
     0.680     0.120       0.20611821115
     0.720     0.120       0.20682658255
     0.760     0.120       0.20659661293
     0.800     0.120       0.20583234727
     0.840     0.120       0.20497730374
     0.880     0.120       0.20434077084
     0.920     0.120       0.20434047282
     0.960     0.120       0.20499548316
     1.000     0.120       0.20533770323
     1.040     0.120       0.20445190370
     1.080     0.120       0.20327068865
     1.120     0.120       0.20376119018
     1.160     0.120       0.20582270622
     1.200     0.120       0.20641143620
     1.240     0.120       0.20316970348
     1.280     0.120       0.19926778972
     1.320     0.120       0.20166562498
     1.360     0.120       0.21079643071
     1.400     0.120       0.21585083008
     1.440     0.120       0.20828746259
     1.480     0.120       0.19710262120
     1.520     0.120       0.19804257154
     1.560     0.120       0.20814211667
     1.600     0.120       0.20508167148
     0.080     0.160       0.19416806102
     0.120     0.160       0.20794315636
     0.160     0.160       0.20740485191
     0.200     0.160       0.20264802873
     0.240     0.160       0.20279316604
     0.280     0.160       0.20754818618
     0.320     0.160       0.20944496989
     0.360     0.160       0.20540992916
     0.400     0.160       0.20041081309
     0.440     0.160       0.19970764220
     0.480     0.160       0.20273476839
     0.520     0.160       0.20554503798
     0.560     0.160       0.20610523224
     0.600     0.160       0.20553711057
     0.640     0.160       0.20536452532
     0.680     0.160       0.20552593470
     0.720     0.160       0.20527581871
     0.760     0.160       0.20443454385
     0.800     0.160       0.20333853364
     0.840     0.160       0.20222426951
     0.880     0.160       0.20136138797
     0.920     0.160       0.20131699741
     0.960     0.160       0.20216868818
     1.000     0.160       0.20267166197
     1.040     0.160       0.20176379383
     1.080     0.160       0.20073811710
     1.120     0.160       0.20189394057
     1.160     0.160       0.20445916057
     1.200     0.160       0.20429787040
     1.240     0.160       0.19953015447
     1.280     0.160       0.19545614719
     1.320     0.160       0.20019666851
     1.360     0.160       0.21217180789
     1.400     0.160       0.21742992103
     1.440     0.160       0.20790384710
     1.480     0.160       0.19656218588
     1.520     0.160       0.20014764369
     1.560     0.160       0.21281060576
     1.600     0.160       0.21143177152
     0.080     0.200       0.18811762333
     0.120     0.200       0.20328059793
     0.160     0.200       0.20323473215
     0.200     0.200       0.19520905614
     0.240     0.200       0.19162434340
     0.280     0.200       0.19683936238
     0.320     0.200       0.20210874081
     0.360     0.200       0.20040893555
     0.400     0.200       0.19590237737
     0.440     0.200       0.19515377283
     0.480     0.200       0.19819262624
     0.520     0.200       0.20075213909
     0.560     0.200       0.20065018535
     0.600     0.200       0.19936420023
     0.640     0.200       0.19878913462
     0.680     0.200       0.19885146618
     0.720     0.200       0.19868823886
     0.760     0.200       0.19809955359
     0.800     0.200       0.19743816555
     0.840     0.200       0.19681663811
     0.880     0.200       0.19636991620
     0.920     0.200       0.19664059579
     0.960     0.200       0.19761949778
     1.000     0.200       0.19775718451
     1.040     0.200       0.19597540796
     1.080     0.200       0.19434824586
     1.120     0.200       0.19606710970
     1.160     0.200       0.19993376732
     1.200     0.200       0.20055156946
     1.240     0.200       0.19573853910
     1.280     0.200       0.19151765108
     1.320     0.200       0.19575861096
     1.360     0.200       0.20539996028
     1.400     0.200       0.20681960881
     1.440     0.200       0.19576039910
     1.480     0.200       0.18682622910
     1.520     0.200       0.19228972495
     1.560     0.200       0.20366430283
     1.600     0.200       0.20208127797
     0.080     0.240       0.18680618703
     0.120     0.240       0.20408086479
     0.160     0.240       0.20443493128
     0.200     0.240       0.19316761196
     0.240     0.240       0.18578168750
     0.280     0.240       0.19083724916
     0.320     0.240       0.19870164990
     0.360     0.240       0.19923739135
     0.400     0.240       0.19575545192
     0.440     0.240       0.19522067904
     0.480     0.240       0.19764842093
     0.520     0.240       0.19878853858
     0.560     0.240       0.19708198309
     0.600     0.240       0.19490942359
     0.640     0.240       0.19448722899
     0.680     0.240       0.19528801739
     0.720     0.240       0.19587284327
     0.760     0.240       0.19598191977
     0.800     0.240       0.19611863792
     0.840     0.240       0.19633099437
     0.880     0.240       0.19646617770
     0.920     0.240       0.19691146910
     0.960     0.240       0.19774946570
     1.000     0.240       0.19752426445
     1.040     0.240       0.19517321885
     1.080     0.240       0.19306999445
     1.120     0.240       0.19480042160
     1.160     0.240       0.19915962219
     1.200     0.240       0.20040358603
     1.240     0.240       0.19619512558
     1.280     0.240       0.19217257202
     1.320     0.240       0.19490678608
     1.360     0.240       0.20071081817
     1.400     0.240       0.19904680550
     1.440     0.240       0.19037283957
     1.480     0.240       0.18702951074
     1.520     0.240       0.19314208627
     1.560     0.240       0.19943846762
     1.600     0.240       0.19418030977
     0.080     0.280       0.18861326575
     0.120     0.280       0.20783406496
     0.160     0.280       0.20998018980
     0.200     0.280       0.19974315166
     0.240     0.280       0.19275258482
     0.280     0.280       0.19740952551
     0.320     0.280       0.20397080481
     0.360     0.280       0.20310004056
     0.400     0.280       0.19902583957
     0.440     0.280       0.19849850237
     0.480     0.280       0.20078718662
     0.520     0.280       0.20150230825
     0.560     0.280       0.19952832162
     0.600     0.280       0.19760319591
     0.640     0.280       0.19781391323
     0.680     0.280       0.19924168289
     0.720     0.280       0.20015734434
     0.760     0.280       0.20040035248
     0.800     0.280       0.20073001087
     0.840     0.280       0.20111595094
     0.880     0.280       0.20112822950
     0.920     0.280       0.20119091868
     0.960     0.280       0.20186567307
     1.000     0.280       0.20222106576
     1.040     0.280       0.20100653172
     1.080     0.280       0.19953534007
     1.120     0.280       0.20054815710
     1.160     0.280       0.20327788591
     1.200     0.280       0.20337872207
     1.240     0.280       0.19933545589
     1.280     0.280       0.19610022008
     1.320     0.280       0.19858622551
     1.360     0.280       0.20283363760
     1.400     0.280       0.20125488937
     1.440     0.280       0.19666549563
     1.480     0.280       0.19752056897
     1.520     0.280       0.20230831206
     1.560     0.280       0.20313167572
     1.600     0.280       0.19371089339
     0.080     0.320       0.18946141005
     0.120     0.320       0.20840360224
     0.160     0.320       0.21175970137
     0.200     0.320       0.20470187068
     0.240     0.320       0.20038047433
     0.280     0.320       0.20409293473
     0.320     0.320       0.20721049607
     0.360     0.320       0.20388489962
     0.400     0.320       0.19948659837
     0.440     0.320       0.19955056906
     0.480     0.320       0.20237606764
     0.520     0.320       0.20374387503
     0.560     0.320       0.20283980668
     0.600     0.320       0.20197945833
     0.640     0.320       0.20263814926
     0.680     0.320       0.20374931395
     0.720     0.320       0.20392012596
     0.760     0.320       0.20341259241
     0.800     0.320       0.20315043628
     0.840     0.320       0.20303831995
     0.880     0.320       0.20247347653
     0.920     0.320       0.20199967921
     0.960     0.320       0.20270946622
     1.000     0.320       0.20416544378
     1.040     0.320       0.20465742052
     1.080     0.320       0.20402513444
     1.120     0.320       0.20393750072
     1.160     0.320       0.20456779003
     1.200     0.320       0.20356512070
     1.240     0.320       0.20018245280
     1.280     0.320       0.19827339053
     1.320     0.320       0.20131513476
     1.360     0.320       0.20545357466
     1.400     0.320       0.20449797809
     1.440     0.320       0.20141912997
     1.480     0.320       0.20278276503
     1.520     0.320       0.20648863912
     1.560     0.320       0.20618179440
     1.600     0.320       0.19642502069
     0.080     0.360       0.18887740374
     0.120     0.360       0.20490813255
     0.160     0.360       0.20702117682
     0.200     0.360       0.20155560970
     0.240     0.360       0.19888827205
     0.280     0.360       0.20151004195
     0.320     0.360       0.20260849595
     0.360     0.360       0.19933275878
     0.400     0.360       0.19663433731
     0.440     0.360       0.19784839451
     0.480     0.360       0.20063996315
     0.520     0.360       0.20188918710
     0.560     0.360       0.20149922371
     0.600     0.360       0.20121584833
     0.640     0.360       0.20173732936
     0.680     0.360       0.20196115971
     0.720     0.360       0.20107017457
     0.760     0.360       0.19981101155
     0.800     0.360       0.19921176136
     0.840     0.360       0.19899414480
     0.880     0.360       0.19840951264
     0.920     0.360       0.19795821607
     0.960     0.360       0.19883303344
     1.000     0.360       0.20062430203
     1.040     0.360       0.20135627687
     1.080     0.360       0.20030194521
     1.120     0.360       0.19919753075
     1.160     0.360       0.19933269918
     1.200     0.360       0.19938656688
     1.240     0.360       0.19804163277
     1.280     0.360       0.19749155641
     1.320     0.360       0.20040898025
     1.360     0.360       0.20356853306
     1.400     0.360       0.20165096223
     1.440     0.360       0.19742748141
     1.480     0.360       0.19785179198
     1.520     0.360       0.20273330808
     1.560     0.360       0.20581670105
     1.600     0.360       0.19910442829
     0.080     0.400       0.18914391100
     0.120     0.400       0.20160895586
     0.160     0.400       0.20137031376
     0.200     0.400       0.19618844986
     0.240     0.400       0.19450405240
     0.280     0.400       0.19691358507
     0.320     0.400       0.19791926444
     0.360     0.400       0.19617378712
     0.400     0.400       0.19544681907
     0.440     0.400       0.19712196290
     0.480     0.400       0.19876229763
     0.520     0.400       0.19861756265
     0.560     0.400       0.19749268889
     0.600     0.400       0.19698157907
     0.640     0.400       0.19730925560
     0.680     0.400       0.19730411470
     0.720     0.400       0.19636592269
     0.760     0.400       0.19539254904
     0.800     0.400       0.19532860816
     0.840     0.400       0.19574281573
     0.880     0.400       0.19573405385
     0.920     0.400       0.19566637278
     0.960     0.400       0.19652101398
     1.000     0.400       0.19764253497
     1.040     0.400       0.19709792733
     1.080     0.400       0.19469691813
     1.120     0.400       0.19302248955
     1.160     0.400       0.19404272735
     1.200     0.400       0.19624531269
     1.240     0.400       0.19706963003
     1.280     0.400       0.19737112522
     1.320     0.400       0.19947375357
     1.360     0.400       0.20103675127
     1.400     0.400       0.19770096242
     1.440     0.400       0.19242183864
     1.480     0.400       0.19278137386
     1.520     0.400       0.19966687262
     1.560     0.400       0.20591513813
     1.600     0.400       0.20113363862
     0.080     0.440       0.19080370665
     0.120     0.440       0.20102483034
     0.160     0.440       0.19946882129
     0.200     0.440       0.19503130019
     0.240     0.440       0.19487346709
     0.280     0.440       0.19822275639
     0.320     0.440       0.19958624244
     0.360     0.440       0.19806477427
     0.400     0.440       0.19726677239
     0.440     0.440       0.19830542803
     0.480     0.440       0.19891257584
     0.520     0.440       0.19765865803
     0.560     0.440       0.19565521181
     0.600     0.440       0.19477593899
     0.640     0.440       0.19546754658
     0.680     0.440       0.19642511010
     0.720     0.440       0.19663813710
     0.760     0.440       0.19665975869
     0.800     0.440       0.19729334116
     0.840     0.440       0.19807462394
     0.880     0.440       0.19823755324
     0.920     0.440       0.19820424914
     0.960     0.440       0.19874379039
     1.000     0.440       0.19902321696
     1.040     0.440       0.19738489389
     1.080     0.440       0.19431647658
     1.120     0.440       0.19279445708
     1.160     0.440       0.19452647865
     1.200     0.440       0.19746984541
     1.240     0.440       0.19879387319
     1.280     0.440       0.19917994738
     1.320     0.440       0.20084095001
     1.360     0.440       0.20175245404
     1.400     0.440       0.19828592241
     1.440     0.440       0.19374451041
     1.480     0.440       0.19515201449
     1.520     0.440       0.20224024355
     1.560     0.440       0.20706263185
     1.600     0.440       0.19996164739
     0.080     0.480       0.19188176095
     0.120     0.480       0.20162303746
     0.160     0.480       0.20027650893
     0.200     0.480       0.19685716927
     0.240     0.480       0.19811472297
     0.280     0.480       0.20279932022
     0.320     0.480       0.20450598001
     0.360     0.480       0.20174331963
     0.400     0.480       0.19916868210
     0.440     0.480       0.19948343933
     0.480     0.480       0.20052015781
     0.520     0.480       0.19977194071
     0.560     0.480       0.19771800935
     0.600     0.480       0.19678986073
     0.640     0.480       0.19809845090
     0.680     0.480       0.20017977059
     0.720     0.480       0.20131608844
     0.760     0.480       0.20165368915
     0.800     0.480       0.20202302933
     0.840     0.480       0.20223286748
     0.880     0.480       0.20183652639
     0.920     0.480       0.20143143833
     0.960     0.480       0.20171123743
     1.000     0.480       0.20176537335
     1.040     0.480       0.20018477738
     1.080     0.480       0.19776284695
     1.120     0.480       0.19701644778
     1.160     0.480       0.19864881039
     1.200     0.480       0.20036266744
     1.240     0.480       0.20032927394
     1.280     0.480       0.20025330782
     1.320     0.480       0.20216906071
     1.360     0.480       0.20350497961
     1.400     0.480       0.20096366107
     1.440     0.480       0.19837050140
     1.480     0.480       0.20133012533
     1.520     0.480       0.20650093257
     1.560     0.480       0.20566976070
     1.600     0.480       0.19312915206
     0.080     0.520       0.19122077525
     0.120     0.520       0.20176978409
     0.160     0.520       0.20132170618
     0.200     0.520       0.19767218828
     0.240     0.520       0.19828481972
     0.280     0.520       0.20360429585
     0.320     0.520       0.20629848540
     0.360     0.520       0.20295523107
     0.400     0.520       0.19906997681
     0.440     0.520       0.19949707389
     0.480     0.520       0.20225837827
     0.520     0.520       0.20318573713
     0.560     0.520       0.20181021094
     0.600     0.520       0.20093020797
     0.640     0.520       0.20216634870
     0.680     0.520       0.20396764576
     0.720     0.520       0.20437568426
     0.760     0.520       0.20361259580
     0.800     0.520       0.20285563171
     0.840     0.520       0.20221063495
     0.880     0.520       0.20137842000
     0.920     0.520       0.20091900229
     0.960     0.520       0.20133613050
     1.000     0.520       0.20164504647
     1.040     0.520       0.20071043074
     1.080     0.520       0.19945032895
     1.120     0.520       0.19970081747
     1.160     0.520       0.20105846226
     1.200     0.520       0.20116165280
     1.240     0.520       0.19952850044
     1.280     0.520       0.19898106158
     1.320     0.520       0.20121057332
     1.360     0.520       0.20271211863
     1.400     0.520       0.20042130351
     1.440     0.520       0.19941547513
     1.480     0.520       0.20423460007
     1.520     0.520       0.20789422095
     1.560     0.520       0.20164163411
     1.600     0.520       0.18422998488
     0.080     0.560       0.19014620781
     0.120     0.560       0.20224735141
     0.160     0.560       0.20257061720
     0.200     0.560       0.19692616165
     0.240     0.560       0.19430324435
     0.280     0.560       0.19884696603
     0.320     0.560       0.20317740738
     0.360     0.560       0.20104794204
     0.400     0.560       0.19737942517
     0.440     0.560       0.19846396148
     0.480     0.560       0.20267824829
     0.520     0.560       0.20492367446
     0.560     0.560       0.20404072106
     0.600     0.560       0.20278723538
     0.640     0.560       0.20284384489
     0.680     0.560       0.20285065472
     0.720     0.560       0.20136304200
     0.760     0.560       0.19920025766
     0.800     0.560       0.19777236879
     0.840     0.560       0.19710463285
     0.880     0.560       0.19668589532
     0.920     0.560       0.19684273005
     0.960     0.560       0.19779148698
     1.000     0.560       0.19847701490
     1.040     0.560       0.19804236293
     1.080     0.560       0.19764091074
     1.120     0.560       0.19872881472
     1.160     0.560       0.20025354624
     1.200     0.560       0.19983513653
     1.240     0.560       0.19773256779
     1.280     0.560       0.19718718529
     1.320     0.560       0.19943663478
     1.360     0.560       0.20015388727
     1.400     0.560       0.19664257765
     1.440     0.560       0.19588689506
     1.480     0.560       0.20271173120
     1.520     0.560       0.20751745999
     1.560     0.560       0.20020717382
     1.600     0.560       0.18123151362
     0.080     0.600       0.19011639059
     0.120     0.600       0.20389857888
     0.160     0.600       0.20475614071
     0.200     0.600       0.19695949554
     0.240     0.600       0.19093911350
     0.280     0.600       0.19410796463
     0.320     0.600       0.19963662326
     0.360     0.600       0.19903957844
     0.400     0.600       0.19596359134
     0.440     0.600       0.19700615108
     0.480     0.600       0.20092749596
     0.520     0.600       0.20275504887
     0.560     0.600       0.20134353638
     0.600     0.600       0.19925348461
     0.640     0.600       0.19802013040
     0.680     0.600       0.19666388631
     0.720     0.600       0.19447512925
     0.760     0.600       0.19253665209
     0.800     0.600       0.19190248847
     0.840     0.600       0.19213066995
     0.880     0.600       0.19254641235
     0.920     0.600       0.19338855147
     0.960     0.600       0.19476954639
     1.000     0.600       0.19566369057
     1.040     0.600       0.19545173645
     1.080     0.600       0.19547300041
     1.120     0.600       0.19704872370
     1.160     0.600       0.19896125793
     1.200     0.600       0.19897331297
     1.240     0.600       0.19741697609
     1.280     0.600       0.19739031792
     1.320     0.600       0.19975824654
     1.360     0.600       0.19966070354
     1.400     0.600       0.19450011849
     1.440     0.600       0.19267065823
     1.480     0.600       0.20049704611
     1.520     0.600       0.20824302733
     1.560     0.600       0.20430356264
     1.600     0.600       0.18716908991
     0.080     0.640       0.19020731747
     0.120     0.640       0.20514531434
     0.160     0.640       0.20652018487
     0.200     0.640       0.19843491912
     0.240     0.640       0.19185598195
     0.280     0.640       0.19468063116
     0.320     0.640       0.20013621449
     0.360     0.640       0.19954587519
     0.400     0.640       0.19609905779
     0.440     0.640       0.19590689242
     0.480     0.640       0.19790528715
     0.520     0.640       0.19792722166
     0.560     0.640       0.19549706578
     0.600     0.640       0.19322362542
     0.640     0.640       0.19241188467
     0.680     0.640       0.19217017293
     0.720     0.640       0.19182562828
     0.760     0.640       0.19194775820
     0.800     0.640       0.19284616411
     0.840     0.640       0.19376282394
     0.880     0.640       0.19422093034
     0.920     0.640       0.19478523731
     0.960     0.640       0.19572196901
     1.000     0.640       0.19612662494
     1.040     0.640       0.19555984437
     1.080     0.640       0.19542776048
     1.120     0.640       0.19699706137
     1.160     0.640       0.19912812114
     1.200     0.640       0.19969868660
     1.240     0.640       0.19886353612
     1.280     0.640       0.19938683510
     1.320     0.640       0.20216289163
     1.360     0.640       0.20224674046
     1.400     0.640       0.19639171660
     1.440     0.640       0.19279173017
     1.480     0.640       0.19944457710
     1.520     0.640       0.20904043317
     1.560     0.640       0.20958928764
     1.600     0.640       0.19594879448
     0.080     0.680       0.18849609792
     0.120     0.680       0.20389679074
     0.160     0.680       0.20581102371
     0.200     0.680       0.19920557737
     0.240     0.680       0.19476447999
     0.280     0.680       0.19832643867
     0.320     0.680       0.20266951621
     0.360     0.680       0.20079219341
     0.400     0.680       0.19654305279
     0.440     0.680       0.19528649747
     0.480     0.680       0.19580046833
     0.520     0.680       0.19482617080
     0.560     0.680       0.19273838401
     0.600     0.680       0.19212366641
     0.640     0.680       0.19373703003
     0.680     0.680       0.19609966874
     0.720     0.680       0.19799844921
     0.760     0.680       0.19949826598
     0.800     0.680       0.20065888762
     0.840     0.680       0.20090518892
     0.880     0.680       0.20023004711
     0.920     0.680       0.19958023727
     0.960     0.680       0.19940406084
     1.000     0.680       0.19880951941
     1.040     0.680       0.19737008214
     1.080     0.680       0.19652795792
     1.120     0.680       0.19762928784
     1.160     0.680       0.19967092574
     1.200     0.680       0.20050056279
     1.240     0.680       0.19989120960
     1.280     0.680       0.20048852265
     1.320     0.680       0.20361348987
     1.360     0.680       0.20466624200
     1.400     0.680       0.19940347970
     1.440     0.680       0.19433069229
     1.480     0.680       0.19816234708
     1.520     0.680       0.20700916648
     1.560     0.680       0.21009027958
     1.600     0.680       0.19965808094
     0.080     0.720       0.18528617918
     0.120     0.720       0.20092211664
     0.160     0.720       0.20323370397
     0.200     0.720       0.19809614122
     0.240     0.720       0.19573222101
     0.280     0.720       0.19962719083
     0.320     0.720       0.20247715712
     0.360     0.720       0.19964034855
     0.400     0.720       0.19569776952
     0.440     0.720       0.19505903125
     0.480     0.720       0.19617791474
     0.520     0.720       0.19646285474
     0.560     0.720       0.19652009010
     0.600     0.720       0.19820342958
     0.640     0.720       0.20133219659
     0.680     0.720       0.20392294228
     0.720     0.720       0.20492652059
     0.760     0.720       0.20495541394
     0.800     0.720       0.20460289717
     0.840     0.720       0.20361055434
     0.880     0.720       0.20207268000
     0.920     0.720       0.20095784962
     0.960     0.720       0.20059764385
     1.000     0.720       0.19985160232
     1.040     0.720       0.19805742800
     1.080     0.720       0.19665825367
     1.120     0.720       0.19730468094
     1.160     0.720       0.19917462766
     1.200     0.720       0.19991482794
     1.240     0.720       0.19898737967
     1.280     0.720       0.19907276332
     1.320     0.720       0.20215234160
     1.360     0.720       0.20429323614
     1.400     0.720       0.20048183203
     1.440     0.720       0.19505248964
     1.480     0.720       0.19627511501
     1.520     0.720       0.20281790197
     1.560     0.720       0.20594075322
     1.600     0.720       0.19731703401
     0.080     0.760       0.18306705356
     0.120     0.760       0.19919285178
     0.160     0.760       0.20153270662
     0.200     0.760       0.19658681750
     0.240     0.760       0.19453455508
     0.280     0.760       0.19769765437
     0.320     0.760       0.19948881865
     0.360     0.760       0.19701600075
     0.400     0.760       0.19477181137
     0.440     0.760       0.19594988227
     0.480     0.760       0.19870710373
     0.520     0.760       0.20070433617
     0.560     0.760       0.20202732086
     0.600     0.760       0.20337694883
     0.640     0.760       0.20407843590
     0.680     0.760       0.20296342671
     0.720     0.760       0.20043198764
     0.760     0.760       0.19817548990
     0.800     0.760       0.19699464738
     0.840     0.760       0.19629903138
     0.880     0.760       0.19579653442
     0.920     0.760       0.19614715874
     0.960     0.760       0.19730322063
     1.000     0.760       0.19772878289
     1.040     0.760       0.19648316503
     1.080     0.760       0.19515649974
     1.120     0.760       0.19583590329
     1.160     0.760       0.19786457717
     1.200     0.760       0.19856810570
     1.240     0.760       0.19715084136
     1.280     0.760       0.19647841156
     1.320     0.760       0.19920730591
     1.360     0.760       0.20211665332
     1.400     0.760       0.19994285703
     1.440     0.760       0.19532352686
     1.480     0.760       0.19547557831
     1.520     0.760       0.20016676188
     1.560     0.760       0.20229411125
     1.600     0.760       0.19407521188
     0.080     0.800       0.18329779804
     0.120     0.800       0.20028325915
     0.160     0.800       0.20227579772
     0.200     0.800       0.19642828405
     0.240     0.800       0.19347898662
     0.280     0.800       0.19578155875
     0.320     0.800       0.19756372273
     0.360     0.800       0.19647036493
     0.400     0.800       0.19595225155
     0.440     0.800       0.19799320400
     0.480     0.800       0.20067591965
     0.520     0.800       0.20190630853
     0.560     0.800       0.20133280754
     0.600     0.800       0.19917948544
     0.640     0.800       0.19554142654
     0.680     0.800       0.19106911123
     0.720     0.800       0.18737831712
     0.760     0.800       0.18589995801
     0.800     0.800       0.18641735613
     0.840     0.800       0.18756954372
     0.880     0.800       0.18891532719
     0.920     0.800       0.19117720425
     0.960     0.800       0.19412128627
     1.000     0.800       0.19578614831
     1.040     0.800       0.19499717653
     1.080     0.800       0.19362880290
     1.120     0.800       0.19439308345
     1.160     0.800       0.19684427977
     1.200     0.800       0.19788143039
     1.240     0.800       0.19630298018
     1.280     0.800       0.19509597123
     1.320     0.800       0.19741317630
     1.360     0.800       0.20061025023
     1.400     0.800       0.19946461916
     1.440     0.800       0.19591759145
     1.480     0.800       0.19644330442
     1.520     0.800       0.20076283813
     1.560     0.800       0.20236729085
     1.600     0.800       0.19390624762
     0.080     0.840       0.18448960781
     0.120     0.840       0.20267596841
     0.160     0.840       0.20442643762
     0.200     0.840       0.19751012325
     0.240     0.840       0.19374784827
     0.280     0.840       0.19605995715
     0.320     0.840       0.19878494740
     0.360     0.840       0.19886380434
     0.400     0.840       0.19840537012
     0.440     0.840       0.19885776937
     0.480     0.840       0.19897069037
     0.520     0.840       0.19747081399
     0.560     0.840       0.19428601861
     0.600     0.840       0.19005349278
     0.640     0.840       0.18596731126
     0.680     0.840       0.18350410461
     0.720     0.840       0.18349471688
     0.760     0.840       0.18553352356
     0.800     0.840       0.18803587556
     0.840     0.840       0.18946236372
     0.880     0.840       0.19015881419
     0.920     0.840       0.19186624885
     0.960     0.840       0.19480247796
     1.000     0.840       0.19676400721
     1.040     0.840       0.19599896669
     1.080     0.840       0.19416607916
     1.120     0.840       0.19440676272
     1.160     0.840       0.19674150646
     1.200     0.840       0.19794687629
     1.240     0.840       0.19651788473
     1.280     0.840       0.19538058341
     1.320     0.840       0.19772315025
     1.360     0.840       0.20080038905
     1.400     0.840       0.19949690998
     1.440     0.840       0.19624958932
     1.480     0.840       0.19761873782
     1.520     0.840       0.20268909633
     1.560     0.840       0.20453031361
     1.600     0.840       0.19583718479
     0.080     0.880       0.18392898142
     0.120     0.880       0.20360316336
     0.160     0.880       0.20579849184
     0.200     0.880       0.19838988781
     0.240     0.880       0.19450218976
     0.280     0.880       0.19767385721
     0.320     0.880       0.20146995783
     0.360     0.880       0.20143307745
     0.400     0.880       0.19899013638
     0.440     0.880       0.19646577537
     0.480     0.880       0.19431146979
     0.520     0.880       0.19226431847
     0.560     0.880       0.19029526412
     0.600     0.880       0.18903513253
     0.640     0.880       0.18974553049
     0.680     0.880       0.19290368259
     0.720     0.880       0.19730791450
     0.760     0.880       0.20107457042
     0.800     0.880       0.20250947773
     0.840     0.880       0.20075614750
     0.880     0.880       0.19729110599
     0.920     0.880       0.19525460899
     0.960     0.880       0.19601684809
     1.000     0.880       0.19752801955
     1.040     0.880       0.19725103676
     1.080     0.880       0.19572925568
     1.120     0.880       0.19563294947
     1.160     0.880       0.19721964002
     1.200     0.880       0.19768349826
     1.240     0.880       0.19600214064
     1.280     0.880       0.19547283649
     1.320     0.880       0.19876466691
     1.360     0.880       0.20182165504
     1.400     0.880       0.19929389656
     1.440     0.880       0.19524241984
     1.480     0.880       0.19727484882
     1.520     0.880       0.20339487493
     1.560     0.880       0.20561851561
     1.600     0.880       0.19678540528
     0.080     0.920       0.18115143478
     0.120     0.920       0.20207378268
     0.160     0.920       0.20523966849
     0.200     0.920       0.19800154865
     0.240     0.920       0.19450335205
     0.280     0.920       0.19867430627
     0.320     0.920       0.20292030275
     0.360     0.920       0.20157219470
     0.400     0.920       0.19663876295
     0.440     0.920       0.19268670678
     0.480     0.920       0.19190302491
     0.520     0.920       0.19355197251
     0.560     0.920       0.19595128298
     0.600     0.920       0.19887955487
     0.640     0.920       0.20325611532
     0.680     0.920       0.20847278833
     0.720     0.920       0.21230462193
     0.760     0.920       0.21346363425
     0.800     0.920       0.21182452142
     0.840     0.920       0.20725210011
     0.880     0.920       0.20085848868
     0.920     0.920       0.19577287138
     0.960     0.920       0.19419436157
     1.000     0.920       0.19490170479
     1.040     0.920       0.19533810019
     1.080     0.920       0.19516700506
     1.120     0.920       0.19602178037
     1.160     0.920       0.19746619463
     1.200     0.920       0.19664868712
     1.240     0.920       0.19377283752
     1.280     0.920       0.19375382364
     1.320     0.920       0.19880147278
     1.360     0.920       0.20238123834
     1.400     0.920       0.19831092656
     1.440     0.920       0.19297477603
     1.480     0.920       0.19553339481
     1.520     0.920       0.20256866515
     1.560     0.920       0.20483490825
     1.600     0.920       0.19571758807
     0.080     0.960       0.17872422934
     0.120     0.960       0.19977861643
     0.160     0.960       0.20347176492
     0.200     0.960       0.19664123654
     0.240     0.960       0.19363752007
     0.280     0.960       0.19839297235
     0.320     0.960       0.20240667462
     0.360     0.960       0.19963267446
     0.400     0.960       0.19368012249
     0.440     0.960       0.19142466784
     0.480     0.960       0.19515956938
     0.520     0.960       0.20113421977
     0.560     0.960       0.20467646420
     0.600     0.960       0.20543707907
     0.640     0.960       0.20567043126
     0.680     0.960       0.20551545918
     0.720     0.960       0.20365673304
     0.760     0.960       0.20088709891
     0.800     0.960       0.19929821789
     0.840     0.960       0.19842614233
     0.880     0.960       0.19641150534
     0.920     0.960       0.19370506704
     0.960     0.960       0.19208982587
     1.000     0.960       0.19168984890
     1.040     0.960       0.19158776104
     1.080     0.960       0.19216632843
     1.120     0.960       0.19461932778
     1.160     0.960       0.19717825949
     1.200     0.960       0.19572982192
     1.240     0.960       0.19123344123
     1.280     0.960       0.19104087353
     1.320     0.960       0.19780656695
     1.360     0.960       0.20243737102
     1.400     0.960       0.19739216566
     1.440     0.960       0.19109779596
     1.480     0.960       0.19416221976
     1.520     0.960       0.20180703700
     1.560     0.960       0.20375522971
     1.600     0.960       0.19413109124
     0.080     1.000       0.17913831770
     0.120     1.000       0.19895805418
     0.160     1.000       0.20217680931
     0.200     1.000       0.19563034177
     0.240     1.000       0.19304332137
     0.280     1.000       0.19784219563
     0.320     1.000       0.20120261610
     0.360     1.000       0.19757382572
     0.400     1.000       0.19223889709
     0.440     1.000       0.19316761196
     0.480     1.000       0.20064714551
     0.520     1.000       0.20658726990
     0.560     1.000       0.20411588252
     0.600     1.000       0.19535325468
     0.640     1.000       0.18681360781
     0.680     1.000       0.18085551262
     0.720     1.000       0.17597490549
     0.760     1.000       0.17282681167
     0.800     1.000       0.17479181290
     0.840     1.000       0.18176801503
     0.880     1.000       0.18872201443
     0.920     1.000       0.19206899405
     0.960     1.000       0.19234958291
     1.000     1.000       0.19099320471
     1.040     1.000       0.18939961493
     1.080     1.000       0.18974789977
     1.120     1.000       0.19335208833
     1.160     1.000       0.19732515514
     1.200     1.000       0.19596688449
     1.240     1.000       0.19019418955
     1.280     1.000       0.18935093284
     1.320     1.000       0.19707831740
     1.360     1.000       0.20281395316
     1.400     1.000       0.19775271416
     1.440     1.000       0.19117937982
     1.480     1.000       0.19453038275
     1.520     1.000       0.20228695869
     1.560     1.000       0.20377489924
     1.600     1.000       0.19360426068
     0.080     1.040       0.18262679875
     0.120     1.040       0.20039851964
     0.160     1.040       0.20242160559
     0.200     1.040       0.19607858360
     0.240     1.040       0.19384497404
     0.280     1.040       0.19822591543
     0.320     1.040       0.20057180524
     0.360     1.040       0.19634284079
     0.400     1.040       0.19190986454
     0.440     1.040       0.19487337768
     0.480     1.040       0.20270448923
     0.520     1.040       0.20414526761
     0.560     1.040       0.19307492673
     0.600     1.040       0.17756851017
     0.640     1.040       0.17009660602
     0.680     1.040       0.17214898765
     0.720     1.040       0.17439906299
     0.760     1.040       0.17122353613
     0.800     1.040       0.16928800941
     0.840     1.040       0.17588990927
     0.880     1.040       0.18602135777
     0.920     1.040       0.19158108532
     0.960     1.040       0.19254122674
     1.000     1.040       0.19111990929
     1.040     1.040       0.18923015893
     1.080     1.040       0.18989105523
     1.120     1.040       0.19421236217
     1.160     1.040       0.19865028560
     1.200     1.040       0.19711869955
     1.240     1.040       0.19063001871
     1.280     1.040       0.18920597434
     1.320     1.040       0.19695852697
     1.360     1.040       0.20318228006
     1.400     1.040       0.19879008830
     1.440     1.040       0.19275805354
     1.480     1.040       0.19612802565
     1.520     1.040       0.20349605381
     1.560     1.040       0.20458771288
     1.600     1.040       0.19412170351
     0.080     1.080       0.18793970346
     0.120     1.080       0.20325484872
     0.160     1.080       0.20364263654
     0.200     1.080       0.19741953909
     0.240     1.080       0.19554518163
     0.280     1.080       0.19923718274
     0.320     1.080       0.20036461949
     0.360     1.080       0.19570867717
     0.400     1.080       0.19207884371
     0.440     1.080       0.19561995566
     0.480     1.080       0.20149354637
     0.520     1.080       0.19822876155
     0.560     1.080       0.18434742093
     0.600     1.080       0.17575106025
     0.640     1.080       0.18775908649
     0.680     1.080       0.21266901493
     0.720     1.080       0.22535876930
     0.760     1.080       0.21196037531
     0.800     1.080       0.18825794756
     0.840     1.080       0.18057663739
     0.880     1.080       0.18729808927
     0.920     1.080       0.19086140394
     0.960     1.080       0.19061607122
     1.000     1.080       0.19014775753
     1.040     1.080       0.18943554163
     1.080     1.080       0.19073510170
     1.120     1.080       0.19503316283
     1.160     1.080       0.19897729158
     1.200     1.080       0.19733646512
     1.240     1.080       0.19129265845
     1.280     1.080       0.18982307613
     1.320     1.080       0.19650866091
     1.360     1.080       0.20204228163
     1.400     1.080       0.19860677421
     1.440     1.080       0.19399067760
     1.480     1.080       0.19751523435
     1.520     1.080       0.20424640179
     1.560     1.080       0.20505948365
     1.600     1.080       0.19468766451
     0.080     1.120       0.19243596494
     0.120     1.120       0.20495446026
     0.160     1.120       0.20349352062
     0.200     1.120       0.19748304784
     0.240     1.120       0.19622419775
     0.280     1.120       0.19946591556
     0.320     1.120       0.19983063638
     0.360     1.120       0.19572730362
     0.400     1.120       0.19388225675
     0.440     1.120       0.19821481407
     0.480     1.120       0.20214079320
     0.520     1.120       0.19636741281
     0.560     1.120       0.18608450890
     0.600     1.120       0.19266293943
     0.640     1.120       0.22534076869
     0.680     1.120       0.25840520859
     0.720     1.120       0.26487669349
     0.760     1.120       0.24313333631
     0.800     1.120       0.19797126949
     0.840     1.120       0.17105439305
     0.880     1.120       0.17867104709
     0.920     1.120       0.18705748022
     0.960     1.120       0.18834820390
     1.000     1.120       0.18916615844
     1.040     1.120       0.18875817955
     1.080     1.120       0.18887978792
     1.120     1.120       0.19183816016
     1.160     1.120       0.19571177661
     1.200     1.120       0.19587814808
     1.240     1.120       0.19223509729
     1.280     1.120       0.19105051458
     1.320     1.120       0.19546838105
     1.360     1.120       0.19928929210
     1.400     1.120       0.19697596133
     1.440     1.120       0.19433544576
     1.480     1.120       0.19808691740
     1.520     1.120       0.20397874713
     1.560     1.120       0.20458807051
     1.600     1.120       0.19468988478
     0.080     1.160       0.19315636158
     0.120     1.160       0.20310790837
     0.160     1.160       0.20060913265
     0.200     1.160       0.19561882317
     0.240     1.160       0.19558975101
     0.280     1.160       0.19888018072
     0.320     1.160       0.19916117191
     0.360     1.160       0.19659590721
     0.400     1.160       0.19767430425
     0.440     1.160       0.20371362567
     0.480     1.160       0.20616947114
     0.520     1.160       0.19770501554
     0.560     1.160       0.18865616620
     0.600     1.160       0.20174220204
     0.640     1.160       0.23046721518
     0.680     1.160       0.21464776993
     0.720     1.160       0.16824665666
     0.760     1.160       0.19185186923
     0.800     1.160       0.18078380823
     0.840     1.160       0.15007314086
     0.880     1.160       0.16217051446
     0.920     1.160       0.18094356358
     0.960     1.160       0.18781849742
     1.000     1.160       0.19002430141
     1.040     1.160       0.18822662532
     1.080     1.160       0.18541051447
     1.120     1.160       0.18669070303
     1.160     1.160       0.19204364717
     1.200     1.160       0.19593811035
     1.240     1.160       0.19521585107
     1.280     1.160       0.19349911809
     1.320     1.160       0.19496701658
     1.360     1.160       0.19721390307
     1.400     1.160       0.19618824124
     1.440     1.160       0.19500926137
     1.480     1.160       0.19825117290
     1.520     1.160       0.20303027332
     1.560     1.160       0.20357541740
     1.600     1.160       0.19434575737
     0.080     1.200       0.19057199359
     0.120     1.200       0.19945722818
     0.160     1.200       0.19786378741
     0.200     1.200       0.19497901201
     0.240     1.200       0.19631899893
     0.280     1.200       0.19950667024
     0.320     1.200       0.19935403764
     0.360     1.200       0.19758187234
     0.400     1.200       0.20063023269
     0.440     1.200       0.20788440108
     0.480     1.200       0.20870961249
     0.520     1.200       0.19542983174
     0.560     1.200       0.18031716347
     0.600     1.200       0.18848885596
     0.640     1.200       0.20637248456
     0.680     1.200       0.14237588644
     0.720     1.200       0.04189927876
     0.760     1.200       0.13653688133
     0.800     1.200       0.18246136606
     0.840     1.200       0.15991306305
     0.880     1.200       0.16321061552
     0.920     1.200       0.17974145710
     0.960     1.200       0.19051119685
     1.000     1.200       0.19465291500
     1.040     1.200       0.19158533216
     1.080     1.200       0.18635684252
     1.120     1.200       0.18690046668
     1.160     1.200       0.19397041202
     1.200     1.200       0.20020781457
     1.240     1.200       0.20002944767
     1.280     1.200       0.19649904966
     1.320     1.200       0.19588311017
     1.360     1.200       0.19793392718
     1.400     1.200       0.19791486859
     1.440     1.200       0.19664111733
     1.480     1.200       0.19851183891
     1.520     1.200       0.20241408050
     1.560     1.200       0.20311467350
     1.600     1.200       0.19425538182
     0.080     1.240       0.18908287585
     0.120     1.240       0.19897067547
     0.160     1.240       0.19960902631
     0.200     1.240       0.19839912653
     0.240     1.240       0.19983196259
     0.280     1.240       0.20204736292
     0.320     1.240       0.20053373277
     0.360     1.240       0.19736000896
     0.400     1.240       0.19938209653
     0.440     1.240       0.20608653128
     0.480     1.240       0.20620779693
     0.520     1.240       0.19000302255
     0.560     1.240       0.16806121171
     0.600     1.240       0.17038452625
     0.640     1.240       0.20159496367
     0.680     1.240       0.20466361940
     0.720     1.240       0.18595288694
     0.760     1.240       0.23615176976
     0.800     1.240       0.24159294367
     0.840     1.240       0.20117542148
     0.880     1.240       0.18178504705
     0.920     1.240       0.18703593314
     0.960     1.240       0.19841152430
     1.000     1.240       0.20356354117
     1.040     1.240       0.19943267107
     1.080     1.240       0.19319872558
     1.120     1.240       0.19372056425
     1.160     1.240       0.20069999993
     1.200     1.240       0.20565977693
     1.240     1.240       0.20325326920
     1.280     1.240       0.19806548953
     1.320     1.240       0.19759778678
     1.360     1.240       0.20086869597
     1.400     1.240       0.20098567009
     1.440     1.240       0.19829054177
     1.480     1.240       0.19909217954
     1.520     1.240       0.20316293836
     1.560     1.240       0.20399376750
     1.600     1.240       0.19447891414
     0.080     1.280       0.19142308831
     0.120     1.280       0.20309737325
     0.160     1.280       0.20486427844
     0.200     1.280       0.20272561908
     0.240     1.280       0.20221729577
     0.280     1.280       0.20349122584
     0.320     1.280       0.20131169260
     0.360     1.280       0.19592176378
     0.400     1.280       0.19470396638
     0.440     1.280       0.19991187751
     0.480     1.280       0.20244576037
     0.520     1.280       0.19080559909
     0.560     1.280       0.16963972151
     0.600     1.280       0.16624069214
     0.640     1.280       0.20018465817
     0.680     1.280       0.24912393093
     0.720     1.280       0.28151959181
     0.760     1.280       0.28756043315
     0.800     1.280       0.25544697046
     0.840     1.280       0.21107971668
     0.880     1.280       0.19041204453
     0.920     1.280       0.19525946677
     0.960     1.280       0.20687533915
     1.000     1.280       0.21036425233
     1.040     1.280       0.20466071367
     1.080     1.280       0.19876435399
     1.120     1.280       0.19996488094
     1.160     1.280       0.20566923916
     1.200     1.280       0.20751109719
     1.240     1.280       0.20247353613
     1.280     1.280       0.19719633460
     1.320     1.280       0.19873945415
     1.360     1.280       0.20343005657
     1.400     1.280       0.20257814229
     1.440     1.280       0.19825342298
     1.480     1.280       0.19947414100
     1.520     1.280       0.20498640835
     1.560     1.280       0.20554383099
     1.600     1.280       0.19420690835
     0.080     1.320       0.19514103234
     0.120     1.320       0.20741082728
     0.160     1.320       0.20772747695
     0.200     1.320       0.20192427933
     0.240     1.320       0.19872681797
     0.280     1.320       0.20113787055
     0.320     1.320       0.20132869482
     0.360     1.320       0.19553463161
     0.400     1.320       0.19146905839
     0.440     1.320       0.19549854100
     0.480     1.320       0.20256516337
     0.520     1.320       0.20105113089
     0.560     1.320       0.18791057169
     0.600     1.320       0.17811682820
     0.640     1.320       0.18903028965
     0.680     1.320       0.21501310170
     0.720     1.320       0.23241434991
     0.760     1.320       0.22657774389
     0.800     1.320       0.20415516198
     0.840     1.320       0.18601255119
     0.880     1.320       0.18586233258
     0.920     1.320       0.19822894037
     0.960     1.320       0.20835678279
     1.000     1.320       0.20814858377
     1.040     1.320       0.20149716735
     1.080     1.320       0.19743509591
     1.120     1.320       0.20011460781
     1.160     1.320       0.20495694876
     1.200     1.320       0.20460091531
     1.240     1.320       0.19859237969
     1.280     1.320       0.19478973746
     1.320     1.320       0.19857305288
     1.360     1.320       0.20357109606
     1.400     1.320       0.20086233318
     1.440     1.320       0.19554184377
     1.480     1.320       0.19854204357
     1.520     1.320       0.20607298613
     1.560     1.320       0.20614072680
     1.600     1.320       0.19285625219
     0.080     1.360       0.19643080235
     0.120     1.360       0.20777170360
     0.160     1.360       0.20560723543
     0.200     1.360       0.19642080367
     0.240     1.360       0.19222040474
     0.280     1.360       0.19805149734
     0.320     1.360       0.20274510980
     0.360     1.360       0.19841207564
     0.400     1.360       0.19285874069
     0.440     1.360       0.19557449222
     0.480     1.360       0.20497798920
     0.520     1.360       0.21093907952
     0.560     1.360       0.20618474483
     0.600     1.360       0.19441087544
     0.640     1.360       0.18510590494
     0.680     1.360       0.18118713796
     0.720     1.360       0.17772811651
     0.760     1.360       0.17233045399
     0.800     1.360       0.16997352242
     0.840     1.360       0.17606231570
     0.880     1.360       0.18889915943
     0.920     1.360       0.20074358582
     0.960     1.360       0.20465315878
     1.000     1.360       0.20045228302
     1.040     1.360       0.19416610897
     1.080     1.360       0.19219353795
     1.120     1.360       0.19584301114
     1.160     1.360       0.20013268292
     1.200     1.360       0.19918762147
     1.240     1.360       0.19412937760
     1.280     1.360       0.19260139763
     1.320     1.360       0.19790107012
     1.360     1.360       0.20217084885
     1.400     1.360       0.19777990878
     1.440     1.360       0.19224302471
     1.480     1.360       0.19668392837
     1.520     1.360       0.20529308915
     1.560     1.360       0.20513907075
     1.600     1.360       0.19130536914
     0.080     1.400       0.19527196884
     0.120     1.400       0.20547142625
     0.160     1.400       0.20248709619
     0.200     1.400       0.19336976111
     0.240     1.400       0.19084061682
     0.280     1.400       0.19964119792
     0.320     1.400       0.20686227083
     0.360     1.400       0.20330335200
     0.400     1.400       0.19674830139
     0.440     1.400       0.19730614126
     0.480     1.400       0.20477981865
     0.520     1.400       0.21149462461
     0.560     1.400       0.21106521785
     0.600     1.400       0.20343345404
     0.640     1.400       0.19274158776
     0.680     1.400       0.18284623325
     0.720     1.400       0.17647834122
     0.760     1.400       0.17647188902
     0.800     1.400       0.18394112587
     0.840     1.400       0.19521833956
     0.880     1.400       0.20381644368
     0.920     1.400       0.20564104617
     0.960     1.400       0.20133359730
     1.000     1.400       0.19481600821
     1.040     1.400       0.19026030600
     1.080     1.400       0.18992201984
     1.120     1.400       0.19321830571
     1.160     1.400       0.19628699124
     1.200     1.400       0.19517390430
     1.240     1.400       0.19169522822
     1.280     1.400       0.19237296283
     1.320     1.400       0.19858719409
     1.360     1.400       0.20239664614
     1.400     1.400       0.19776868820
     1.440     1.400       0.19241270423
     1.480     1.400       0.19604551792
     1.520     1.400       0.20356601477
     1.560     1.400       0.20386004448
     1.600     1.400       0.19166022539
     0.080     1.440       0.19483052194
     0.120     1.440       0.20440274477
     0.160     1.440       0.20240448415
     0.200     1.440       0.19619327784
     0.240     1.440       0.19625598192
     0.280     1.440       0.20500931144
     0.320     1.440       0.21072112024
     0.360     1.440       0.20646645129
     0.400     1.440       0.19958397746
     0.440     1.440       0.19820626080
     0.480     1.440       0.20188954473
     0.520     1.440       0.20540885627
     0.560     1.440       0.20559509099
     0.600     1.440       0.20344924927
     0.640     1.440       0.20113781095
     0.680     1.440       0.19955703616
     0.720     1.440       0.19971504807
     0.760     1.440       0.20326702297
     0.800     1.440       0.20953243971
     0.840     1.440       0.21407401562
     0.880     1.440       0.21261779964
     0.920     1.440       0.20554229617
     0.960     1.440       0.19744575024
     1.000     1.440       0.19280442595
     1.040     1.440       0.19252046943
     1.080     1.440       0.19468833506
     1.120     1.440       0.19717966020
     1.160     1.440       0.19783787429
     1.200     1.440       0.19538770616
     1.240     1.440       0.19260841608
     1.280     1.440       0.19456638396
     1.320     1.440       0.20120102167
     1.360     1.440       0.20525161922
     1.400     1.440       0.20175249875
     1.440     1.440       0.19642645121
     1.480     1.440       0.19723138213
     1.520     1.440       0.20242771506
     1.560     1.440       0.20424252748
     1.600     1.440       0.19537004828
     0.080     1.480       0.19676695764
     0.120     1.480       0.20555657148
     0.160     1.480       0.20406897366
     0.200     1.480       0.20021177828
     0.240     1.480       0.20133681595
     0.280     1.480       0.20747740567
     0.320     1.480       0.21012721956
     0.360     1.480       0.20603086054
     0.400     1.480       0.20097623765
     0.440     1.480       0.19944103062
     0.480     1.480       0.20021742582
     0.520     1.480       0.20036838949
     0.560     1.480       0.19933305681
     0.600     1.480       0.19948793948
     0.640     1.480       0.20246694982
     0.680     1.480       0.20663583279
     0.720     1.480       0.20986224711
     0.760     1.480       0.21204662323
     0.800     1.480       0.21307466924
     0.840     1.480       0.21118213236
     0.880     1.480       0.20526726544
     0.920     1.480       0.19755433500
     0.960     1.480       0.19269877672
     1.000     1.480       0.19367823005
     1.040     1.480       0.19875559211
     1.080     1.480       0.20339736342
     1.120     1.480       0.20457074046
     1.160     1.480       0.20209117234
     1.200     1.480       0.19770069420
     1.240     1.480       0.19490875304
     1.280     1.480       0.19706715643
     1.320     1.480       0.20312377810
     1.360     1.480       0.20721438527
     1.400     1.480       0.20507887006
     1.440     1.480       0.19995261729
     1.480     1.480       0.19830492139
     1.520     1.480       0.20199054480
     1.560     1.480       0.20617547631
     1.600     1.480       0.20086494088
     0.080     1.520       0.19910712540
     0.120     1.520       0.20646160841
     0.160     1.520       0.20380008221
     0.200     1.520       0.19988070428
     0.240     1.520       0.20012134314
     0.280     1.520       0.20349003375
     0.320     1.520       0.20476104319
     0.360     1.520       0.20320421457
     0.400     1.520       0.20206497610
     0.440     1.520       0.20202304423
     0.480     1.520       0.20146290958
     0.520     1.520       0.19954612851
     0.560     1.520       0.19703629613
     0.600     1.520       0.19641616940
     0.640     1.520       0.19906972349
     0.680     1.520       0.20243443549
     0.720     1.520       0.20332834125
     0.760     1.520       0.20170325041
     0.800     1.520       0.19916465878
     0.840     1.520       0.19632412493
     0.880     1.520       0.19331297278
     0.920     1.520       0.19133332372
     0.960     1.520       0.19243694842
     1.000     1.520       0.19737197459
     1.040     1.520       0.20369470119
     1.080     1.520       0.20727315545
     1.120     1.520       0.20608809590
     1.160     1.520       0.20169909298
     1.200     1.520       0.19720984995
     1.240     1.520       0.19522970915
     1.280     1.520       0.19695475698
     1.320     1.520       0.20127259195
     1.360     1.520       0.20454999804
     1.400     1.520       0.20356598496
     1.440     1.520       0.19949330389
     1.480     1.520       0.19731037319
     1.520     1.520       0.20075640082
     1.560     1.520       0.20665499568
     1.600     1.520       0.20343452692
     0.080     1.560       0.19888606668
     0.120     1.560       0.20523376763
     0.160     1.560       0.20137415826
     0.200     1.560       0.19633057714
     0.240     1.560       0.19515700638
     0.280     1.560       0.19725178182
     0.320     1.560       0.19914041460
     0.360     1.560       0.20042480528
     0.400     1.560       0.20232822001
     0.440     1.560       0.20368194580
     0.480     1.560       0.20322525501
     0.520     1.560       0.20113538206
     0.560     1.560       0.19809828699
     0.600     1.560       0.19614098966
     0.640     1.560       0.19677704573
     0.680     1.560       0.19773282111
     0.720     1.560       0.19599002600
     0.760     1.560       0.19229717553
     0.800     1.560       0.18961884081
     0.840     1.560       0.18949131668
     0.880     1.560       0.19149757922
     0.920     1.560       0.19459453225
     0.960     1.560       0.19799615443
     1.000     1.560       0.20116640627
     1.040     1.560       0.20314307511
     1.080     1.560       0.20264199376
     1.120     1.560       0.19964049757
     1.160     1.560       0.19609749317
     1.200     1.560       0.19400201738
     1.240     1.560       0.19361069798
     1.280     1.560       0.19448970258
     1.320     1.560       0.19660086930
     1.360     1.560       0.19883829355
     1.400     1.560       0.19881720841
     1.440     1.560       0.19634158909
     1.480     1.560       0.19497267902
     1.520     1.560       0.19827193022
     1.560     1.560       0.20345106721
     1.600     1.560       0.19960752130
     0.080     1.600       0.19599315524
     0.120     1.600       0.20373804867
     0.160     1.600       0.20123782754
     0.200     1.600       0.19612479210
     0.240     1.600       0.19412346184
     0.280     1.600       0.19644917548
     0.320     1.600       0.19941480458
     0.360     1.600       0.20085732639
     0.400     1.600       0.20169351995
     0.440     1.600       0.20248572528
     0.480     1.600       0.20317602158
     0.520     1.600       0.20298898220
     0.560     1.600       0.20082674921
     0.600     1.600       0.19829152524
     0.640     1.600       0.19794070721
     0.680     1.600       0.19842611253
     0.720     1.600       0.19688208401
     0.760     1.600       0.19404746592
     0.800     1.600       0.19298563898
     0.840     1.600       0.19501477480
     0.880     1.600       0.19892266393
     0.920     1.600       0.20238542557
     0.960     1.600       0.20357121527
     1.000     1.600       0.20219086111
     1.040     1.600       0.19935864210
     1.080     1.600       0.19628864527
     1.120     1.600       0.19392375648
     1.160     1.600       0.19305191934
     1.200     1.600       0.19346791506
     1.240     1.600       0.19372688234
     1.280     1.600       0.19351036847
     1.320     1.600       0.19444420934
     1.360     1.600       0.19652678072
     1.400     1.600       0.19706460834
     1.440     1.600       0.19547565281
     1.480     1.600       0.19506026804
     1.520     1.600       0.19773831964
     1.560     1.600       0.19958958030
     1.600     1.600       0.19199962914
     0.080     1.640       0.19309890270
     0.120     1.640       0.20517696440
     0.160     1.640       0.20665539801
     0.200     1.640       0.20205792785
     0.240     1.640       0.19894084334
     0.280     1.640       0.20230513811
     0.320     1.640       0.20679092407
     0.360     1.640       0.20621116459
     0.400     1.640       0.20232599974
     0.440     1.640       0.20027211308
     0.480     1.640       0.20211961865
     0.520     1.640       0.20467944443
     0.560     1.640       0.20387491584
     0.600     1.640       0.20117449760
     0.640     1.640       0.20079196990
     0.680     1.640       0.20227172971
     0.720     1.640       0.20233604312
     0.760     1.640       0.20092810690
     0.800     1.640       0.20051695406
     0.840     1.640       0.20215004683
     0.880     1.640       0.20467606187
     0.920     1.640       0.20611822605
     0.960     1.640       0.20500192046
     1.000     1.640       0.20165592432
     1.040     1.640       0.19809907675
     1.080     1.640       0.19621269405
     1.120     1.640       0.19633474946
     1.160     1.640       0.19754786789
     1.200     1.640       0.19829334319
     1.240     1.640       0.19743674994
     1.280     1.640       0.19639706612
     1.320     1.640       0.19785341620
     1.360     1.640       0.20065516233
     1.400     1.640       0.20064532757
     1.440     1.640       0.19840447605
     1.480     1.640       0.19891868532
     1.520     1.640       0.20180667937
     1.560     1.640       0.19992025197
     1.600     1.640       0.18669177592
     0.080     1.680       0.19178788364
     0.120     1.680       0.20862163603
     0.160     1.680       0.21309006214
     0.200     1.680       0.20645692945
     0.240     1.680       0.20021070540
     0.280     1.680       0.20526869595
     0.320     1.680       0.21344575286
     0.360     1.680       0.21220873296
     0.400     1.680       0.20383733511
     0.440     1.680       0.19868357480
     0.480     1.680       0.20107756555
     0.520     1.680       0.20528292656
     0.560     1.680       0.20472541451
     0.600     1.680       0.20160546899
     0.640     1.680       0.20178259909
     0.680     1.680       0.20473857224
     0.720     1.680       0.20600105822
     0.760     1.680       0.20461216569
     0.800     1.680       0.20288795233
     0.840     1.680       0.20241872966
     0.880     1.680       0.20294769108
     0.920     1.680       0.20329150558
     0.960     1.680       0.20235876739
     1.000     1.680       0.20040218532
     1.040     1.680       0.19920408726
     1.080     1.680       0.20016831160
     1.120     1.680       0.20254418254
     1.160     1.680       0.20414027572
     1.200     1.680       0.20328050852
     1.240     1.680       0.20041745901
     1.280     1.680       0.19887889922
     1.320     1.680       0.20132796466
     1.360     1.680       0.20432822406
     1.400     1.680       0.20220007002
     1.440     1.680       0.19803926349
     1.480     1.680       0.20019683242
     1.520     1.680       0.20595572889
     1.560     1.680       0.20312520862
     1.600     1.680       0.18540288508
     0.080     1.720       0.19121582806
     0.120     1.720       0.20963196456
     0.160     1.720       0.21274124086
     0.200     1.720       0.20094548166
     0.240     1.720       0.19096684456
     0.280     1.720       0.19873535633
     0.320     1.720       0.21186976135
     0.360     1.720       0.21202094853
     0.400     1.720       0.20220816135
     0.440     1.720       0.19640737772
     0.480     1.720       0.19960834086
     0.520     1.720       0.20389874279
     0.560     1.720       0.20178283751
     0.600     1.720       0.19744871557
     0.640     1.720       0.19838753343
     0.680     1.720       0.20318053663
     0.720     1.720       0.20547978580
     0.760     1.720       0.20340573788
     0.800     1.720       0.19969299436
     0.840     1.720       0.19713948667
     0.880     1.720       0.19655840099
     0.920     1.720       0.19707505405
     0.960     1.720       0.19722476602
     1.000     1.720       0.19676123559
     1.040     1.720       0.19724191725
     1.080     1.720       0.19981269538
     1.120     1.720       0.20304332674
     1.160     1.720       0.20409637690
     1.200     1.720       0.20160111785
     1.240     1.720       0.19736747444
     1.280     1.720       0.19568677247
     1.320     1.720       0.19856144488
     1.360     1.720       0.20084354281
     1.400     1.720       0.19615349174
     1.440     1.720       0.19000816345
     1.480     1.720       0.19403061271
     1.520     1.720       0.20422728360
     1.560     1.720       0.20366574824
     1.600     1.720       0.18469317257
     0.080     1.760       0.19143824279
     0.120     1.760       0.20774731040
     0.160     1.760       0.20699118078
     0.200     1.760       0.19246338308
     0.240     1.760       0.18323022127
     0.280     1.760       0.19327567518
     0.320     1.760       0.20681814849
     0.360     1.760       0.20612898469
     0.400     1.760       0.19700406492
     0.440     1.760       0.19385421276
     0.480     1.760       0.19940216839
     0.520     1.760       0.20362399518
     0.560     1.760       0.19932261109
     0.600     1.760       0.19285562634
     0.640     1.760       0.19341875613
     0.680     1.760       0.19930040836
     0.720     1.760       0.20267972350
     0.760     1.760       0.20065927505
     0.800     1.760       0.19623272121
     0.840     1.760       0.19321040809
     0.880     1.760       0.19307193160
     0.920     1.760       0.19450931251
     0.960     1.760       0.19509969652
     1.000     1.760       0.19425198436
     1.040     1.760       0.19402943552
     1.080     1.760       0.19608327746
     1.120     1.760       0.19884477556
     1.160     1.760       0.19922585785
     1.200     1.760       0.19615334272
     1.240     1.760       0.19201025367
     1.280     1.760       0.19110143185
     1.320     1.760       0.19477511942
     1.360     1.760       0.19724589586
     1.400     1.760       0.19196100533
     1.440     1.760       0.18485938013
     1.480     1.760       0.18889626861
     1.520     1.760       0.20074069500
     1.560     1.760       0.20198819041
     1.600     1.760       0.18351435661
     0.080     1.800       0.19444976747
     0.120     1.800       0.20792989433
     0.160     1.800       0.20499342680
     0.200     1.800       0.19393184781
     0.240     1.800       0.19037197530
     0.280     1.800       0.19952350855
     0.320     1.800       0.20649683475
     0.360     1.800       0.20161481202
     0.400     1.800       0.19401735067
     0.440     1.800       0.19498914480
     0.480     1.800       0.20326149464
     0.520     1.800       0.20795488358
     0.560     1.800       0.20292465389
     0.600     1.800       0.19507393241
     0.640     1.800       0.19399034977
     0.680     1.800       0.19885805249
     0.720     1.800       0.20222897828
     0.760     1.800       0.20078672469
     0.800     1.800       0.19728076458
     0.840     1.800       0.19578573108
     0.880     1.800       0.19769863784
     0.920     1.800       0.20081265271
     0.960     1.800       0.20168238878
     1.000     1.800       0.19966892898
     1.040     1.800       0.19763123989
     1.080     1.800       0.19798222184
     1.120     1.800       0.19945245981
     1.160     1.800       0.19909510016
     1.200     1.800       0.19608600438
     1.240     1.800       0.19284898043
     1.280     1.800       0.19322986901
     1.320     1.800       0.19817951322
     1.360     1.800       0.20217271149
     1.400     1.800       0.19872896373
     1.440     1.800       0.19225203991
     1.480     1.800       0.19444185495
     1.520     1.800       0.20386764407
     1.560     1.800       0.20415692031
     1.600     1.800       0.18541064858
     0.080     1.840       0.19915917516
     0.120     1.840       0.21126236022
     0.160     1.840       0.20821018517
     0.200     1.840       0.20229448378
     0.240     1.840       0.20354764163
     0.280     1.840       0.20960626006
     0.320     1.840       0.20991815627
     0.360     1.840       0.20298896730
     0.400     1.840       0.19810616970
     0.440     1.840       0.20135301352
     0.480     1.840       0.20889605582
     0.520     1.840       0.21236167848
     0.560     1.840       0.20820005238
     0.600     1.840       0.20182718337
     0.640     1.840       0.20035648346
     0.680     1.840       0.20342235267
     0.720     1.840       0.20548045635
     0.760     1.840       0.20401608944
     0.800     1.840       0.20155891776
     0.840     1.840       0.20176710188
     0.880     1.840       0.20548254251
     0.920     1.840       0.20979622006
     0.960     1.840       0.21088056266
     1.000     1.840       0.20819936693
     1.040     1.840       0.20499330759
     1.080     1.840       0.20402050018
     1.120     1.840       0.20446655154
     1.160     1.840       0.20384019613
     1.200     1.840       0.20138640702
     1.240     1.840       0.19899785519
     1.280     1.840       0.19974233210
     1.320     1.840       0.20442950726
     1.360     1.840       0.20873048902
     1.400     1.840       0.20721139014
     1.440     1.840       0.20256204903
     1.480     1.840       0.20379742980
     1.520     1.840       0.21078163385
     1.560     1.840       0.21002033353
     1.600     1.840       0.19066652656
     0.080     1.880       0.19747154415
     0.120     1.880       0.20934931934
     0.160     1.880       0.20686493814
     0.200     1.880       0.20414996147
     0.240     1.880       0.20745189488
     0.280     1.880       0.21196876466
     0.320     1.880       0.21142247319
     0.360     1.880       0.20742733777
     0.400     1.880       0.20568777621
     0.440     1.880       0.20731249452
     0.480     1.880       0.20885647833
     0.520     1.880       0.20746128261
     0.560     1.880       0.20360513031
     0.600     1.880       0.20065480471
     0.640     1.880       0.20136046410
     0.680     1.880       0.20416612923
     0.720     1.880       0.20521600544
     0.760     1.880       0.20334075391
     0.800     1.880       0.20102891326
     0.840     1.880       0.20130167902
     0.880     1.880       0.20457172394
     0.920     1.880       0.20808918774
     0.960     1.880       0.20859785378
     1.000     1.880       0.20588119328
     1.040     1.880       0.20287139714
     1.080     1.880       0.20200617611
     1.120     1.880       0.20278951526
     1.160     1.880       0.20320884883
     1.200     1.880       0.20228274167
     1.240     1.880       0.20086100698
     1.280     1.880       0.20090454817
     1.320     1.880       0.20326216519
     1.360     1.880       0.20546133816
     1.400     1.880       0.20410861075
     1.440     1.880       0.20104099810
     1.480     1.880       0.20271159708
     1.520     1.880       0.20929181576
     1.560     1.880       0.20942740142
     1.600     1.880       0.19094373286
     0.080     1.920       0.17895185947
     0.120     1.920       0.19133205712
     0.160     1.920       0.19098280370
     0.200     1.920       0.19099158049
     0.240     1.920       0.19574028254
     0.280     1.920       0.20121949911
     0.320     1.920       0.20375563204
     0.360     1.920       0.20431809127
     0.400     1.920       0.20432053506
     0.440     1.920       0.20208431780
     0.480     1.920       0.19619837403
     0.520     1.920       0.18887412548
     0.560     1.920       0.18387618661
     0.600     1.920       0.18331179023
     0.640     1.920       0.18645118177
     0.680     1.920       0.19019789994
     0.720     1.920       0.19146108627
     0.760     1.920       0.18984045088
     0.800     1.920       0.18753209710
     0.840     1.920       0.18688230217
     0.880     1.920       0.18821148574
     0.920     1.920       0.18965139985
     0.960     1.920       0.18914526701
     1.000     1.920       0.18683169782
     1.040     1.920       0.18493445218
     1.080     1.920       0.18517383933
     1.120     1.920       0.18716055155
     1.160     1.920       0.18929652870
     1.200     1.920       0.19034552574
     1.240     1.920       0.19015552104
     1.280     1.920       0.18958389759
     1.320     1.920       0.18942032754
     1.360     1.920       0.18887840211
     1.400     1.920       0.18655616045
     1.440     1.920       0.18399962783
     1.480     1.920       0.18553212285
     1.520     1.920       0.19115044177
     1.560     1.920       0.19161221385
     1.600     1.920       0.17502698302
