     0.080     0.080       0.16032716632
     0.120     0.080       0.19241568446
     0.160     0.080       0.19655853510
     0.200     0.080       0.18840640783
     0.240     0.080       0.18329668045
     0.280     0.080       0.18495506048
     0.320     0.080       0.18967625499
     0.360     0.080       0.19287484884
     0.400     0.080       0.19282713532
     0.440     0.080       0.19072020054
     0.480     0.080       0.18866597116
     0.520     0.080       0.18786454201
     0.560     0.080       0.18822914362
     0.600     0.080       0.18911397457
     0.640     0.080       0.18998628855
     0.680     0.080       0.19059121609
     0.720     0.080       0.19088232517
     0.760     0.080       0.19094674289
     0.800     0.080       0.19090871513
     0.840     0.080       0.19083639979
     0.880     0.080       0.19076718390
     0.920     0.080       0.19079789519
     0.960     0.080       0.19103266299
     1.000     0.080       0.19139090180
     1.040     0.080       0.19156187773
     1.080     0.080       0.19121655822
     1.120     0.080       0.19027741253
     1.160     0.080       0.18916746974
     1.200     0.080       0.18881927431
     1.240     0.080       0.19005328417
     1.280     0.080       0.19252088666
     1.320     0.080       0.19416758418
     1.360     0.080       0.19219811261
     1.400     0.080       0.18579420447
     1.440     0.080       0.17866244912
     1.480     0.080       0.17713011801
     1.520     0.080       0.18192799389
     1.560     0.080       0.18037353456
     1.600     0.080       0.15392132103
     0.080     0.120       0.19156348705
     0.120     0.120       0.22315697372
     0.160     0.120       0.22311252356
     0.200     0.120       0.21051464975
     0.240     0.120       0.20241266489
     0.280     0.120       0.20298002660
     0.320     0.120       0.20779863000
     0.360     0.120       0.21134132147
     0.400     0.120       0.21145850420
     0.440     0.120       0.20944955945
     0.480     0.120       0.20765013993
     0.520     0.120       0.20726598799
     0.560     0.120       0.20799148083
     0.600     0.120       0.20894777775
     0.640     0.120       0.20955081284
     0.680     0.120       0.20971205831
     0.720     0.120       0.20961849391
     0.760     0.120       0.20946960151
     0.800     0.120       0.20933580399
     0.840     0.120       0.20915524662
     0.880     0.120       0.20888142288
     0.920     0.120       0.20862917602
     0.960     0.120       0.20861375332
     1.000     0.120       0.20888943970
     1.040     0.120       0.20918685198
     1.080     0.120       0.20905679464
     1.120     0.120       0.20822529495
     1.160     0.120       0.20701539516
     1.200     0.120       0.20647124946
     1.240     0.120       0.20767576993
     1.280     0.120       0.21047973633
     1.320     0.120       0.21276523173
     1.360     0.120       0.21152356267
     1.400     0.120       0.20603841543
     1.440     0.120       0.20079368353
     1.480     0.120       0.20316115022
     1.520     0.120       0.21385617554
     1.560     0.120       0.21765542030
     1.600     0.120       0.19093917310
     0.080     0.160       0.19504271448
     0.120     0.160       0.22252501547
     0.160     0.160       0.22110457718
     0.200     0.160       0.20863622427
     0.240     0.160       0.20061190426
     0.280     0.160       0.20101352036
     0.320     0.160       0.20553778112
     0.360     0.160       0.20875927806
     0.400     0.160       0.20870748162
     0.440     0.160       0.20686279237
     0.480     0.160       0.20555651188
     0.520     0.160       0.20577134192
     0.560     0.160       0.20688693225
     0.600     0.160       0.20780101418
     0.640     0.160       0.20795872808
     0.680     0.160       0.20754478872
     0.720     0.160       0.20705385506
     0.760     0.160       0.20679487288
     0.800     0.160       0.20670805871
     0.840     0.160       0.20652931929
     0.880     0.160       0.20609413087
     0.920     0.160       0.20555114746
     0.960     0.160       0.20527219772
     1.000     0.160       0.20549723506
     1.040     0.160       0.20602409542
     1.080     0.160       0.20625445247
     1.120     0.160       0.20564973354
     1.160     0.160       0.20436112583
     1.200     0.160       0.20348533988
     1.240     0.160       0.20437349379
     1.280     0.160       0.20719254017
     1.320     0.160       0.20997500420
     1.360     0.160       0.20965866745
     1.400     0.160       0.20539350808
     1.440     0.160       0.20149391890
     1.480     0.160       0.20503976941
     1.520     0.160       0.21660822630
     1.560     0.160       0.22182945907
     1.600     0.160       0.19823263586
     0.080     0.200       0.18654353917
     0.120     0.200       0.20992778242
     0.160     0.200       0.20888917148
     0.200     0.200       0.19883011281
     0.240     0.200       0.19283716381
     0.280     0.200       0.19405624270
     0.320     0.200       0.19835074246
     0.360     0.200       0.20089451969
     0.400     0.200       0.20033195615
     0.440     0.200       0.19845710695
     0.480     0.200       0.19752638042
     0.520     0.200       0.19820956886
     0.560     0.200       0.19955855608
     0.600     0.200       0.20030882955
     0.640     0.200       0.20001170039
     0.680     0.200       0.19915188849
     0.720     0.200       0.19849498570
     0.760     0.200       0.19839698076
     0.800     0.200       0.19861754775
     0.840     0.200       0.19864788651
     0.880     0.200       0.19819977880
     0.920     0.200       0.19747459888
     0.960     0.200       0.19703505933
     1.000     0.200       0.19731643796
     1.040     0.200       0.19815661013
     1.080     0.200       0.19878005981
     1.120     0.200       0.19836594164
     1.160     0.200       0.19689935446
     1.200     0.200       0.19554878771
     1.240     0.200       0.19595079124
     1.280     0.200       0.19860073924
     1.320     0.200       0.20169793069
     1.360     0.200       0.20204693079
     1.400     0.200       0.19838403165
     1.440     0.200       0.19439180195
     1.480     0.200       0.19659090042
     1.520     0.200       0.20590060949
     1.560     0.200       0.21029666066
     1.600     0.200       0.19055551291
     0.080     0.240       0.18125215173
     0.120     0.240       0.20216917992
     0.160     0.240       0.20165118575
     0.200     0.240       0.19383390248
     0.240     0.240       0.18992380798
     0.280     0.240       0.19200509787
     0.320     0.240       0.19596041739
     0.360     0.240       0.19765838981
     0.400     0.240       0.19647602737
     0.440     0.240       0.19451034069
     0.480     0.240       0.19386760890
     0.520     0.240       0.19486682117
     0.560     0.240       0.19628004730
     0.600     0.240       0.19678968191
     0.640     0.240       0.19611816108
     0.680     0.240       0.19501498342
     0.720     0.240       0.19442741573
     0.760     0.240       0.19468154013
     0.800     0.240       0.19533900917
     0.840     0.240       0.19566951692
     0.880     0.240       0.19528095424
     0.920     0.240       0.19444841146
     0.960     0.240       0.19392794371
     1.000     0.240       0.19432339072
     1.040     0.240       0.19547750056
     1.080     0.240       0.19642841816
     1.120     0.240       0.19612811506
     1.160     0.240       0.19445306063
     1.200     0.240       0.19264842570
     1.240     0.240       0.19256049395
     1.280     0.240       0.19491609931
     1.320     0.240       0.19803547859
     1.360     0.240       0.19864147902
     1.400     0.240       0.19511035085
     1.440     0.240       0.19056986272
     1.480     0.240       0.19116334617
     1.520     0.240       0.19836384058
     1.560     0.240       0.20204971731
     1.600     0.240       0.18494732678
     0.080     0.280       0.18265746534
     0.120     0.280       0.20296652615
     0.160     0.280       0.20271530747
     0.200     0.280       0.19600029290
     0.240     0.280       0.19308218360
     0.280     0.280       0.19531860948
     0.320     0.280       0.19865082204
     0.360     0.280       0.19953921437
     0.400     0.280       0.19791439176
     0.440     0.280       0.19601863623
     0.480     0.280       0.19572235644
     0.520     0.280       0.19700089097
     0.560     0.280       0.19842641056
     0.600     0.280       0.19871424139
     0.640     0.280       0.19778504968
     0.680     0.280       0.19658870995
     0.720     0.280       0.19614502788
     0.760     0.280       0.19670408964
     0.800     0.280       0.19766731560
     0.840     0.280       0.19816453755
     0.880     0.280       0.19776992500
     0.920     0.280       0.19684693217
     0.960     0.280       0.19629992545
     1.000     0.280       0.19681526721
     1.040     0.280       0.19817493856
     1.080     0.280       0.19928094745
     1.120     0.280       0.19899317622
     1.160     0.280       0.19720679522
     1.200     0.280       0.19522348046
     1.240     0.280       0.19488939643
     1.280     0.280       0.19692462683
     1.320     0.280       0.19973644614
     1.360     0.280       0.20020841062
     1.400     0.280       0.19677282870
     1.440     0.280       0.19230788946
     1.480     0.280       0.19260048866
     1.520     0.280       0.19923122227
     1.560     0.280       0.20281557739
     1.600     0.280       0.18652829528
     0.080     0.320       0.18676796556
     0.120     0.320       0.20747755468
     0.160     0.320       0.20726373792
     0.200     0.320       0.20062555373
     0.240     0.320       0.19761103392
     0.280     0.320       0.19937181473
     0.320     0.320       0.20201928914
     0.360     0.320       0.20237129927
     0.400     0.320       0.20058743656
     0.440     0.320       0.19888575375
     0.480     0.320       0.19892913103
     0.520     0.320       0.20045110583
     0.560     0.320       0.20190504193
     0.600     0.320       0.20206393301
     0.640     0.320       0.20100329816
     0.680     0.320       0.19979622960
     0.720     0.320       0.19946217537
     0.760     0.320       0.20016448200
     0.800     0.320       0.20121037960
     0.840     0.320       0.20169728994
     0.880     0.320       0.20123420656
     0.920     0.320       0.20026953518
     0.960     0.320       0.19974929094
     1.000     0.320       0.20031137764
     1.040     0.320       0.20163312554
     1.080     0.320       0.20257939398
     1.120     0.320       0.20214365423
     1.160     0.320       0.20041093230
     1.200     0.320       0.19868856668
     1.240     0.320       0.19855973125
     1.280     0.320       0.20043392479
     1.320     0.320       0.20271895826
     1.360     0.320       0.20272809267
     1.400     0.320       0.19942498207
     1.440     0.320       0.19579355419
     1.480     0.320       0.19715784490
     1.520     0.320       0.20455299318
     1.560     0.320       0.20837762952
     1.600     0.320       0.19167290628
     0.080     0.360       0.18898177147
     0.120     0.360       0.21010294557
     0.160     0.360       0.20975944400
     0.200     0.360       0.20276108384
     0.240     0.360       0.19926430285
     0.280     0.360       0.20053410530
     0.320     0.360       0.20283313096
     0.360     0.360       0.20305031538
     0.400     0.360       0.20129913092
     0.440     0.360       0.19971059263
     0.480     0.360       0.19986857474
     0.520     0.360       0.20144091547
     0.560     0.360       0.20285776258
     0.600     0.360       0.20294371247
     0.640     0.360       0.20186370611
     0.680     0.360       0.20073260367
     0.720     0.360       0.20052810013
     0.760     0.360       0.20133061707
     0.800     0.360       0.20239797235
     0.840     0.360       0.20284707844
     0.880     0.360       0.20235347748
     0.920     0.360       0.20140622556
     0.960     0.360       0.20089860260
     1.000     0.360       0.20133432746
     1.040     0.360       0.20229686797
     1.080     0.360       0.20276698470
     1.120     0.360       0.20206107199
     1.160     0.360       0.20055344701
     1.200     0.360       0.19949021935
     1.240     0.360       0.19999210536
     1.280     0.360       0.20194612443
     1.320     0.360       0.20366720855
     1.360     0.360       0.20300564170
     1.400     0.360       0.19972752035
     1.440     0.360       0.19717404246
     1.480     0.360       0.20016556978
     1.520     0.360       0.20879240334
     1.560     0.360       0.21284848452
     1.600     0.360       0.19534945488
     0.080     0.400       0.18797989190
     0.120     0.400       0.20906576514
     0.160     0.400       0.20850482583
     0.200     0.400       0.20122738183
     0.240     0.400       0.19754131138
     0.280     0.400       0.19881924987
     0.320     0.400       0.20131011307
     0.360     0.400       0.20176531374
     0.400     0.400       0.20013673604
     0.440     0.400       0.19849677384
     0.480     0.400       0.19846668839
     0.520     0.400       0.19979476929
     0.560     0.400       0.20099534094
     0.600     0.400       0.20097377896
     0.640     0.400       0.19994480908
     0.680     0.400       0.19900201261
     0.720     0.400       0.19903118908
     0.760     0.400       0.20001725852
     0.800     0.400       0.20117458701
     0.840     0.400       0.20164388418
     0.880     0.400       0.20115523040
     0.920     0.400       0.20020554960
     0.960     0.400       0.19960916042
     1.000     0.400       0.19975470006
     1.040     0.400       0.20021541417
     1.080     0.400       0.20017196238
     1.120     0.400       0.19928510487
     1.160     0.400       0.19815413654
     1.200     0.400       0.19788388908
     1.240     0.400       0.19911548495
     1.280     0.400       0.20124170184
     1.320     0.400       0.20246438682
     1.360     0.400       0.20110616088
     1.400     0.400       0.19771406054
     1.440     0.400       0.19600152969
     1.480     0.400       0.20028792322
     1.520     0.400       0.20969931781
     1.560     0.400       0.21353110671
     1.600     0.400       0.19521132112
     0.080     0.440       0.18548846245
     0.120     0.440       0.20620663464
     0.160     0.440       0.20539668202
     0.200     0.440       0.19808827341
     0.240     0.440       0.19469068944
     0.280     0.440       0.19652275741
     0.320     0.440       0.19963213801
     0.360     0.440       0.20055648685
     0.400     0.440       0.19912935793
     0.440     0.440       0.19740812480
     0.480     0.440       0.19707499444
     0.520     0.440       0.19799706340
     0.560     0.440       0.19884367287
     0.600     0.440       0.19865858555
     0.640     0.440       0.19769947231
     0.680     0.440       0.19698253274
     0.720     0.440       0.19725774229
     0.760     0.440       0.19840404391
     0.800     0.440       0.19960968196
     0.840     0.440       0.20004972816
     0.880     0.440       0.19949759543
     0.920     0.440       0.19845478237
     0.960     0.440       0.19769950211
     1.000     0.440       0.19758990407
     1.040     0.440       0.19775666296
     1.080     0.440       0.19753605127
     1.120     0.440       0.19675700366
     1.160     0.440       0.19606499374
     1.200     0.440       0.19639657438
     1.240     0.440       0.19807662070
     1.280     0.440       0.20021747053
     1.320     0.440       0.20099517703
     1.360     0.440       0.19909016788
     1.400     0.440       0.19557031989
     1.440     0.440       0.19429489970
     1.480     0.440       0.19905604422
     1.520     0.440       0.20821474493
     1.560     0.440       0.21096909046
     1.600     0.440       0.19168837368
     0.080     0.480       0.18387977779
     0.120     0.480       0.20424410701
     0.160     0.480       0.20318484306
     0.200     0.480       0.19593781233
     0.240     0.480       0.19301317632
     0.280     0.480       0.19556929171
     0.320     0.480       0.19938340783
     0.360     0.480       0.20081172884
     0.400     0.480       0.19965738058
     0.440     0.480       0.19799345732
     0.480     0.480       0.19751337171
     0.520     0.480       0.19814893603
     0.560     0.480       0.19871766865
     0.600     0.480       0.19840355217
     0.640     0.480       0.19748170674
     0.680     0.480       0.19685786963
     0.720     0.480       0.19714587927
     0.760     0.480       0.19817966223
     0.800     0.480       0.19919925928
     0.840     0.480       0.19945268333
     0.880     0.480       0.19874881208
     0.920     0.480       0.19758713245
     0.960     0.480       0.19673472643
     1.000     0.480       0.19658476114
     1.040     0.480       0.19683936238
     1.080     0.480       0.19686703384
     1.120     0.480       0.19644771516
     1.160     0.480       0.19612155855
     1.200     0.480       0.19670937955
     1.240     0.480       0.19843618572
     1.280     0.480       0.20037025213
     1.320     0.480       0.20076920092
     1.360     0.480       0.19856353104
     1.400     0.480       0.19503226876
     1.440     0.480       0.19388334453
     1.480     0.480       0.19835428894
     1.520     0.480       0.20632566512
     1.560     0.480       0.20728692412
     1.600     0.480       0.18687044084
     0.080     0.520       0.18417863548
     0.120     0.520       0.20444968343
     0.160     0.520       0.20316259563
     0.200     0.520       0.19585244358
     0.240     0.520       0.19315953553
     0.280     0.520       0.19613434374
     0.320     0.520       0.20035600662
     0.360     0.520       0.20208899677
     0.400     0.520       0.20116779208
     0.440     0.520       0.19969083369
     0.480     0.520       0.19931830466
     0.520     0.520       0.19996798038
     0.560     0.520       0.20051696897
     0.600     0.520       0.20019800961
     0.640     0.520       0.19924658537
     0.680     0.520       0.19846227765
     0.720     0.520       0.19841694832
     0.760     0.520       0.19902242720
     0.800     0.520       0.19966354966
     0.840     0.520       0.19967864454
     0.880     0.520       0.19887457788
     0.920     0.520       0.19769696891
     0.960     0.520       0.19688373804
     1.000     0.520       0.19686876237
     1.040     0.520       0.19740907848
     1.080     0.520       0.19783812761
     1.120     0.520       0.19778735936
     1.160     0.520       0.19765765965
     1.200     0.520       0.19824613631
     1.240     0.520       0.19982425869
     1.280     0.520       0.20152388513
     1.320     0.520       0.20171639323
     1.360     0.520       0.19947212934
     1.400     0.520       0.19606906176
     1.440     0.520       0.19492518902
     1.480     0.520       0.19885617495
     1.520     0.520       0.20554025471
     1.560     0.520       0.20486845076
     1.600     0.520       0.18347777426
     0.080     0.560       0.18571130931
     0.120     0.560       0.20615790784
     0.160     0.560       0.20469827950
     0.200     0.560       0.19713032246
     0.240     0.560       0.19424162805
     0.280     0.560       0.19709450006
     0.320     0.560       0.20122656226
     0.360     0.560       0.20290322602
     0.400     0.560       0.20200631022
     0.440     0.560       0.20065666735
     0.480     0.560       0.20047892630
     0.520     0.560       0.20134158432
     0.560     0.560       0.20207642019
     0.600     0.560       0.20184908807
     0.640     0.560       0.20080716908
     0.680     0.560       0.19971156120
     0.720     0.560       0.19921126962
     0.760     0.560       0.19938853383
     0.800     0.560       0.19977095723
     0.840     0.560       0.19973492622
     0.880     0.560       0.19902874529
     0.920     0.560       0.19799727201
     0.960     0.560       0.19731850922
     1.000     0.560       0.19743961096
     1.040     0.560       0.19817256927
     1.080     0.560       0.19883492589
     1.120     0.560       0.19894818962
     1.160     0.560       0.19883212447
     1.200     0.560       0.19933064282
     1.240     0.560       0.20081986487
     1.280     0.560       0.20249474049
     1.320     0.560       0.20275808871
     1.360     0.560       0.20067803562
     1.400     0.560       0.19744226336
     1.440     0.560       0.19631320238
     1.480     0.560       0.20001220703
     1.520     0.560       0.20627138019
     1.560     0.560       0.20514534414
     1.600     0.560       0.18341465294
     0.080     0.600       0.18698792160
     0.120     0.600       0.20773535967
     0.160     0.600       0.20620933175
     0.200     0.600       0.19833308458
     0.240     0.600       0.19499023259
     0.280     0.600       0.19733917713
     0.320     0.600       0.20101028681
     0.360     0.600       0.20232610404
     0.400     0.600       0.20119284093
     0.440     0.600       0.19973522425
     0.480     0.600       0.19957479835
     0.520     0.600       0.20055626333
     0.560     0.600       0.20144334435
     0.600     0.600       0.20130036771
     0.640     0.600       0.20019979775
     0.680     0.600       0.19892853498
     0.720     0.600       0.19825424254
     0.760     0.600       0.19837866724
     0.800     0.600       0.19886794686
     0.840     0.600       0.19906711578
     0.880     0.600       0.19865074754
     0.920     0.600       0.19787815213
     0.960     0.600       0.19736060500
     1.000     0.600       0.19753690064
     1.040     0.600       0.19826453924
     1.080     0.600       0.19889539480
     1.120     0.600       0.19892726839
     1.160     0.600       0.19866637886
     1.200     0.600       0.19904412329
     1.240     0.600       0.20056140423
     1.280     0.600       0.20245294273
     1.320     0.600       0.20303393900
     1.360     0.600       0.20120461285
     1.400     0.600       0.19803403318
     1.440     0.600       0.19688771665
     1.480     0.600       0.20079380274
     1.520     0.600       0.20773161948
     1.560     0.600       0.20756265521
     1.600     0.600       0.18628565967
     0.080     0.640       0.18678347766
     0.120     0.640       0.20785623789
     0.160     0.640       0.20648561418
     0.200     0.640       0.19850695133
     0.240     0.640       0.19479972124
     0.280     0.640       0.19664838910
     0.320     0.640       0.19983336329
     0.360     0.640       0.20074453950
     0.400     0.640       0.19927400351
     0.440     0.640       0.19751906395
     0.480     0.640       0.19712507725
     0.520     0.640       0.19797998667
     0.560     0.640       0.19885142148
     0.600     0.640       0.19876660407
     0.640     0.640       0.19776998460
     0.680     0.640       0.19666188955
     0.720     0.640       0.19623786211
     0.760     0.640       0.19668412209
     0.800     0.640       0.19751650095
     0.840     0.640       0.19804167747
     0.880     0.640       0.19792348146
     0.920     0.640       0.19739913940
     0.960     0.640       0.19703437388
     1.000     0.640       0.19723568857
     1.040     0.640       0.19787362218
     1.080     0.640       0.19834096730
     1.120     0.640       0.19815419614
     1.160     0.640       0.19763968885
     1.200     0.640       0.19781877100
     1.240     0.640       0.19934514165
     1.280     0.640       0.20151352882
     1.320     0.640       0.20249788463
     1.360     0.640       0.20090258121
     1.400     0.640       0.19763609767
     1.440     0.640       0.19631078839
     1.480     0.640       0.20049981773
     1.520     0.640       0.20853921771
     1.560     0.640       0.20993904769
     1.600     0.640       0.18957397342
     0.080     0.680       0.18490189314
     0.120     0.680       0.20637983084
     0.160     0.680       0.20549930632
     0.200     0.680       0.19778470695
     0.240     0.680       0.19402807951
     0.280     0.680       0.19565097988
     0.320     0.680       0.19858974218
     0.360     0.680       0.19928486645
     0.400     0.680       0.19758859277
     0.440     0.680       0.19556768239
     0.480     0.680       0.19490669668
     0.520     0.680       0.19557861984
     0.560     0.680       0.19642072916
     0.600     0.680       0.19647371769
     0.640     0.680       0.19574819505
     0.680     0.680       0.19498088956
     0.720     0.680       0.19489319623
     0.760     0.680       0.19559994340
     0.800     0.680       0.19658467174
     0.840     0.680       0.19719178975
     0.880     0.680       0.19715638459
     0.920     0.680       0.19675870240
     0.960     0.680       0.19654491544
     1.000     0.680       0.19686225057
     1.040     0.680       0.19753339887
     1.080     0.680       0.19793316722
     1.120     0.680       0.19757638872
     1.160     0.680       0.19679091871
     1.200     0.680       0.19667012990
     1.240     0.680       0.19804316759
     1.280     0.680       0.20035061240
     1.320     0.680       0.20167189837
     1.360     0.680       0.20028054714
     1.400     0.680       0.19684065878
     1.440     0.680       0.19514065981
     1.480     0.680       0.19926968217
     1.520     0.680       0.20793648064
     1.560     0.680       0.21044255793
     1.600     0.680       0.19089871645
     0.080     0.720       0.18233792484
     0.120     0.720       0.20439323783
     0.160     0.720       0.20426508784
     0.200     0.720       0.19706587493
     0.240     0.720       0.19349408150
     0.280     0.720       0.19512876868
     0.320     0.720       0.19804646075
     0.360     0.720       0.19872210920
     0.400     0.720       0.19698323309
     0.440     0.720       0.19490757585
     0.480     0.720       0.19423390925
     0.520     0.720       0.19499561191
     0.560     0.720       0.19603449106
     0.600     0.720       0.19632808864
     0.640     0.720       0.19579161704
     0.680     0.720       0.19509449601
     0.720     0.720       0.19493404031
     0.760     0.720       0.19544215500
     0.800     0.720       0.19615514576
     0.840     0.720       0.19649979472
     0.880     0.720       0.19630086422
     0.920     0.720       0.19589443505
     0.960     0.720       0.19582587481
     1.000     0.720       0.19638830423
     1.040     0.720       0.19731990993
     1.080     0.720       0.19791316986
     1.120     0.720       0.19760616124
     1.160     0.720       0.19666759670
     1.200     0.720       0.19622118771
     1.240     0.720       0.19729143381
     1.280     0.720       0.19955605268
     1.320     0.720       0.20110498369
     1.360     0.720       0.19993142784
     1.400     0.720       0.19638742507
     1.440     0.720       0.19425605237
     1.480     0.720       0.19793576002
     1.520     0.720       0.20646888018
     1.560     0.720       0.20920635760
     1.600     0.720       0.19006195664
     0.080     0.760       0.18046955764
     0.120     0.760       0.20325933397
     0.160     0.760       0.20386716723
     0.200     0.760       0.19710448384
     0.240     0.760       0.19367398322
     0.280     0.760       0.19533121586
     0.320     0.760       0.19827462733
     0.360     0.760       0.19899646938
     0.400     0.760       0.19734722376
     0.440     0.760       0.19546608627
     0.480     0.760       0.19513607025
     0.520     0.760       0.19633787870
     0.560     0.760       0.19774298370
     0.600     0.760       0.19813728333
     0.640     0.760       0.19736871123
     0.680     0.760       0.19621233642
     0.720     0.760       0.19553838670
     0.760     0.760       0.19559112191
     0.800     0.760       0.19593323767
     0.840     0.760       0.19598141313
     0.880     0.760       0.19556675851
     0.920     0.760       0.19504848123
     0.960     0.760       0.19499713182
     1.000     0.760       0.19572760165
     1.040     0.760       0.19696539640
     1.080     0.760       0.19792489707
     1.120     0.760       0.19790713489
     1.160     0.760       0.19703094661
     1.200     0.760       0.19637855887
     1.240     0.760       0.19714619219
     1.280     0.760       0.19928117096
     1.320     0.760       0.20097255707
     1.360     0.760       0.20003452897
     1.400     0.760       0.19653303921
     1.440     0.760       0.19410039485
     1.480     0.760       0.19726143777
     1.520     0.760       0.20531176031
     1.560     0.760       0.20778867602
     1.600     0.760       0.18866823614
     0.080     0.800       0.17985549569
     0.120     0.800       0.20343673229
     0.160     0.800       0.20454309881
     0.200     0.800       0.19790162146
     0.240     0.800       0.19436177611
     0.280     0.800       0.19589300454
     0.320     0.800       0.19879665971
     0.360     0.800       0.19957508147
     0.400     0.800       0.19810573757
     0.440     0.800       0.19658838212
     0.480     0.800       0.19678106904
     0.520     0.800       0.19846260548
     0.560     0.800       0.20001041889
     0.600     0.800       0.20004436374
     0.640     0.800       0.19857178628
     0.680     0.800       0.19674080610
     0.720     0.800       0.19569267333
     0.760     0.800       0.19567352533
     0.800     0.800       0.19608192146
     0.840     0.800       0.19616663456
     0.880     0.800       0.19567072392
     0.920     0.800       0.19494868815
     0.960     0.800       0.19463638961
     1.000     0.800       0.19518035650
     1.040     0.800       0.19643564522
     1.080     0.800       0.19763727486
     1.120     0.800       0.19795045257
     1.160     0.800       0.19728653133
     1.200     0.800       0.19661501050
     1.240     0.800       0.19722042978
     1.280     0.800       0.19925650954
     1.320     0.800       0.20102755725
     1.360     0.800       0.20028123260
     1.400     0.800       0.19690342247
     1.440     0.800       0.19439525902
     1.480     0.800       0.19730046391
     1.520     0.800       0.20507411659
     1.560     0.800       0.20738378167
     1.600     0.800       0.18816420436
     0.080     0.840       0.17983058095
     0.120     0.840       0.20418967307
     0.160     0.840       0.20561504364
     0.200     0.840       0.19884349406
     0.240     0.840       0.19498988986
     0.280     0.840       0.19628705084
     0.320     0.840       0.19914054871
     0.360     0.840       0.20002403855
     0.400     0.840       0.19879238307
     0.440     0.840       0.19762788713
     0.480     0.840       0.19816307724
     0.520     0.840       0.19990855455
     0.560     0.840       0.20101416111
     0.600     0.840       0.20020449162
     0.640     0.840       0.19795033336
     0.680     0.840       0.19585242867
     0.720     0.840       0.19510357082
     0.760     0.840       0.19566705823
     0.800     0.840       0.19662766159
     0.840     0.840       0.19705319405
     0.880     0.840       0.19661946595
     0.920     0.840       0.19566899538
     0.960     0.840       0.19490164518
     1.000     0.840       0.19494324923
     1.040     0.840       0.19587945938
     1.080     0.840       0.19704915583
     1.120     0.840       0.19752332568
     1.160     0.840       0.19702178240
     1.200     0.840       0.19640433788
     1.240     0.840       0.19699336588
     1.280     0.840       0.19903799891
     1.320     0.840       0.20087818801
     1.360     0.840       0.20022627711
     1.400     0.840       0.19694235921
     1.440     0.840       0.19451418519
     1.480     0.840       0.19750811160
     1.520     0.840       0.20542593300
     1.560     0.840       0.20789992809
     1.600     0.840       0.18864293396
     0.080     0.880       0.17931699753
     0.120     0.880       0.20439845324
     0.160     0.880       0.20617416501
     0.200     0.880       0.19927318394
     0.240     0.880       0.19511869550
     0.280     0.880       0.19625246525
     0.320     0.880       0.19915433228
     0.360     0.880       0.20020870864
     0.400     0.880       0.19915637374
     0.440     0.880       0.19808164239
     0.480     0.880       0.19845750928
     0.520     0.880       0.19961428642
     0.560     0.880       0.19973933697
     0.600     0.880       0.19799783826
     0.640     0.880       0.19543932378
     0.680     0.880       0.19381636381
     0.720     0.880       0.19392140210
     0.760     0.880       0.19523768127
     0.800     0.880       0.19667991996
     0.840     0.880       0.19739471376
     0.880     0.880       0.19711326063
     0.920     0.880       0.19611075521
     0.960     0.880       0.19502641261
     1.000     0.880       0.19459603727
     1.040     0.880       0.19514790177
     1.080     0.880       0.19617298245
     1.120     0.880       0.19667205215
     1.160     0.880       0.19619537890
     1.200     0.880       0.19554336369
     1.240     0.880       0.19613592327
     1.280     0.880       0.19829739630
     1.320     0.880       0.20028750598
     1.360     0.880       0.19969338179
     1.400     0.880       0.19640506804
     1.440     0.880       0.19407685101
     1.480     0.880       0.19736233354
     1.520     0.880       0.20570103824
     1.560     0.880       0.20853556693
     1.600     0.880       0.18931610882
     0.080     0.920       0.17813307047
     0.120     0.920       0.20373030007
     0.160     0.920       0.20587816834
     0.200     0.920       0.19897669554
     0.240     0.920       0.19470636547
     0.280     0.920       0.19585689902
     0.320     0.920       0.19891384244
     0.360     0.920       0.20009937882
     0.400     0.920       0.19899289310
     0.440     0.920       0.19757409394
     0.480     0.920       0.19725386798
     0.520     0.920       0.19739939272
     0.560     0.920       0.19652897120
     0.600     0.920       0.19440104067
     0.640     0.920       0.19238361716
     0.680     0.920       0.19182428718
     0.720     0.920       0.19274468720
     0.760     0.920       0.19424414635
     0.800     0.920       0.19550906122
     0.840     0.920       0.19617429376
     0.880     0.920       0.19614829123
     0.920     0.920       0.19548101723
     0.960     0.920       0.19449566305
     1.000     0.920       0.19386202097
     1.040     0.920       0.19412867725
     1.080     0.920       0.19502398372
     1.120     0.920       0.19554376602
     1.160     0.920       0.19505131245
     1.200     0.920       0.19426436722
     1.240     0.920       0.19477260113
     1.280     0.920       0.19708652794
     1.320     0.920       0.19935329258
     1.360     0.920       0.19887652993
     1.400     0.920       0.19552174211
     1.440     0.920       0.19321896136
     1.480     0.920       0.19680646062
     1.520     0.920       0.20560267568
     1.560     0.920       0.20878268778
     1.600     0.920       0.18961551785
     0.080     0.960       0.17731030285
     0.120     0.960       0.20296603441
     0.160     0.960       0.20517334342
     0.200     0.960       0.19825869799
     0.240     0.960       0.19402721524
     0.280     0.960       0.19532532990
     0.320     0.960       0.19852463901
     0.360     0.960       0.19966232777
     0.400     0.960       0.19818617404
     0.440     0.960       0.19608548284
     0.480     0.960       0.19490936399
     0.520     0.960       0.19430229068
     0.560     0.960       0.19323217869
     0.600     0.960       0.19183254242
     0.640     0.960       0.19123971462
     0.680     0.960       0.19191904366
     0.720     0.960       0.19307559729
     0.760     0.960       0.19377176464
     0.800     0.960       0.19392018020
     0.840     0.960       0.19397445023
     0.880     0.960       0.19413620234
     0.920     0.960       0.19413563609
     0.960     0.960       0.19371773303
     1.000     0.960       0.19320867956
     1.040     0.960       0.19327884912
     1.080     0.960       0.19398464262
     1.120     0.960       0.19447383285
     1.160     0.960       0.19397956133
     1.200     0.960       0.19306461513
     1.240     0.960       0.19343417883
     1.280     0.960       0.19586201012
     1.320     0.960       0.19845794141
     1.360     0.960       0.19818292558
     1.400     0.960       0.19476720691
     1.440     0.960       0.19240854681
     1.480     0.960       0.19619052112
     1.520     0.960       0.20533043146
     1.560     0.960       0.20873749256
     1.600     0.960       0.18959376216
     0.080     1.000       0.17790392041
     0.120     1.000       0.20307259262
     0.160     1.000       0.20477156341
     0.200     1.000       0.19762237370
     0.240     1.000       0.19344067574
     0.280     1.000       0.19489362836
     0.320     1.000       0.19813774526
     0.360     1.000       0.19904844463
     0.400     1.000       0.19704627991
     0.440     1.000       0.19430136681
     0.480     1.000       0.19272753596
     0.520     1.000       0.19238176942
     0.560     1.000       0.19249425828
     0.600     1.000       0.19301263988
     0.640     1.000       0.19427752495
     0.680     1.000       0.19577631354
     0.720     1.000       0.19627259672
     0.760     1.000       0.19519269466
     0.800     1.000       0.19330793619
     0.840     1.000       0.19190773368
     0.880     1.000       0.19165985286
     0.920     1.000       0.19222640991
     0.960     1.000       0.19274868071
     1.000     1.000       0.19285839796
     1.040     1.000       0.19301651418
     1.080     1.000       0.19353541732
     1.120     1.000       0.19385059178
     1.160     1.000       0.19327493012
     1.200     1.000       0.19228182733
     1.240     1.000       0.19257597625
     1.280     1.000       0.19509302080
     1.320     1.000       0.19795684516
     1.360     1.000       0.19788494706
     1.400     1.000       0.19445085526
     1.440     1.000       0.19202136993
     1.480     1.000       0.19589069486
     1.520     1.000       0.20521004498
     1.560     1.000       0.20870101452
     1.600     1.000       0.18953141570
     0.080     1.040       0.17992484570
     0.120     1.040       0.20424324274
     0.160     1.040       0.20499183238
     0.200     1.040       0.19738116860
     0.240     1.040       0.19320172071
     0.280     1.040       0.19480384886
     0.320     1.040       0.19808495045
     0.360     1.040       0.19881492853
     0.400     1.040       0.19647482038
     0.440     1.040       0.19353070855
     0.480     1.040       0.19239149988
     0.520     1.040       0.19347973168
     0.560     1.040       0.19584299624
     0.600     1.040       0.19855025411
     0.640     1.040       0.20085100830
     0.680     1.040       0.20177058876
     0.720     1.040       0.20053124428
     0.760     1.040       0.19732716680
     0.800     1.040       0.19336694479
     0.840     1.040       0.19012165070
     0.880     1.040       0.18865847588
     0.920     1.040       0.18919114769
     0.960     1.040       0.19077628851
     1.000     1.040       0.19212907553
     1.040     1.040       0.19294653833
     1.080     1.040       0.19350688159
     1.120     1.040       0.19358426332
     1.160     1.040       0.19282458723
     1.200     1.040       0.19182357192
     1.240     1.040       0.19222164154
     1.280     1.040       0.19487969577
     1.320     1.040       0.19788363576
     1.360     1.040       0.19790537655
     1.400     1.040       0.19450518489
     1.440     1.040       0.19210566580
     1.480     1.040       0.19603677094
     1.520     1.040       0.20537425578
     1.560     1.040       0.20877993107
     1.600     1.040       0.18952077627
     0.080     1.080       0.18257902563
     0.120     1.080       0.20589414239
     0.160     1.080       0.20556953549
     0.200     1.080       0.19748041034
     0.240     1.080       0.19337119162
     0.280     1.080       0.19524200261
     0.320     1.080       0.19876217842
     0.360     1.080       0.19963936508
     0.400     1.080       0.19740796089
     0.440     1.080       0.19478680193
     0.480     1.080       0.19460724294
     0.520     1.080       0.19745582342
     0.560     1.080       0.20171155035
     0.600     1.080       0.20503644645
     0.640     1.080       0.20570148528
     0.680     1.080       0.20343235135
     0.720     1.080       0.19943800569
     0.760     1.080       0.19517433643
     0.800     1.080       0.19116434455
     0.840     1.080       0.18745504320
     0.880     1.080       0.18490575254
     0.920     1.080       0.18493886292
     0.960     1.080       0.18745028973
     1.000     1.080       0.19040776789
     1.040     1.080       0.19232101738
     1.080     1.080       0.19314715266
     1.120     1.080       0.19305685163
     1.160     1.080       0.19222225249
     1.200     1.080       0.19147902727
     1.240     1.080       0.19229283929
     1.280     1.080       0.19518263638
     1.320     1.080       0.19813397527
     1.360     1.080       0.19805555046
     1.400     1.080       0.19473394752
     1.440     1.080       0.19253495336
     1.480     1.080       0.19656255841
     1.520     1.080       0.20576107502
     1.560     1.080       0.20889930427
     1.600     1.080       0.18950077891
     0.080     1.120       0.18472158909
     0.120     1.120       0.20703847706
     0.160     1.120       0.20586876571
     0.200     1.120       0.19757750630
     0.240     1.120       0.19376881421
     0.280     1.120       0.19611482322
     0.320     1.120       0.20013749599
     0.360     1.120       0.20151740313
     0.400     1.120       0.19974975288
     0.440     1.120       0.19757531583
     0.480     1.120       0.19799757004
     0.520     1.120       0.20155444741
     0.560     1.120       0.20576350391
     0.600     1.120       0.20680710673
     0.640     1.120       0.20241300762
     0.680     1.120       0.19430930912
     0.720     1.120       0.18724445999
     0.760     1.120       0.18416506052
     0.800     1.120       0.18341584504
     0.840     1.120       0.18201668561
     0.880     1.120       0.18006594479
     0.920     1.120       0.18033073843
     0.960     1.120       0.18389768898
     1.000     1.120       0.18838210404
     1.040     1.120       0.19131797552
     1.080     1.120       0.19239476323
     1.120     1.120       0.19228401780
     1.160     1.120       0.19172358513
     1.200     1.120       0.19165799022
     1.240     1.120       0.19314108789
     1.280     1.120       0.19618915021
     1.320     1.120       0.19879224896
     1.360     1.120       0.19838325679
     1.400     1.120       0.19513852894
     1.440     1.120       0.19323115051
     1.480     1.120       0.19732168317
     1.520     1.120       0.20622448623
     1.560     1.120       0.20898382366
     1.600     1.120       0.18947085738
     0.080     1.160       0.18549720943
     0.120     1.160       0.20699085295
     0.160     1.160       0.20548452437
     0.200     1.160       0.19741992652
     0.240     1.160       0.19410848618
     0.280     1.160       0.19696962833
     0.320     1.160       0.20149515569
     0.360     1.160       0.20338734984
     0.400     1.160       0.20198120177
     0.440     1.160       0.19978226721
     0.480     1.160       0.19970247149
     0.520     1.160       0.20223082602
     0.560     1.160       0.20441006124
     0.600     1.160       0.20155856013
     0.640     1.160       0.19141387939
     0.680     1.160       0.17799705267
     0.720     1.160       0.16942766309
     0.760     1.160       0.16940367222
     0.800     1.160       0.17349416018
     0.840     1.160       0.17593392730
     0.880     1.160       0.17632439733
     0.920     1.160       0.17812214792
     0.960     1.160       0.18289159238
     1.000     1.160       0.18826557696
     1.040     1.160       0.19161731005
     1.080     1.160       0.19272050261
     1.120     1.160       0.19270269573
     1.160     1.160       0.19264113903
     1.200     1.160       0.19330500066
     1.240     1.160       0.19520869851
     1.280     1.160       0.19799792767
     1.320     1.160       0.19990986586
     1.360     1.160       0.19901180267
     1.400     1.160       0.19577667117
     1.440     1.160       0.19405402243
     1.480     1.160       0.19805285335
     1.520     1.160       0.20656779408
     1.560     1.160       0.20900076628
     1.600     1.160       0.18950606883
     0.080     1.200       0.18527427316
     0.120     1.200       0.20623111725
     0.160     1.200       0.20484025776
     0.200     1.200       0.19720865786
     0.240     1.200       0.19427813590
     0.280     1.200       0.19732750952
     0.320     1.200       0.20195089281
     0.360     1.200       0.20391574502
     0.400     1.200       0.20234699547
     0.440     1.200       0.19938765466
     0.480     1.200       0.19781889021
     0.520     1.200       0.19837540388
     0.560     1.200       0.19849030674
     0.600     1.200       0.19379645586
     0.640     1.200       0.18245027959
     0.680     1.200       0.16925887764
     0.720     1.200       0.16288058460
     0.760     1.200       0.16624681652
     0.800     1.200       0.17342835665
     0.840     1.200       0.17805716395
     0.880     1.200       0.17997531593
     0.920     1.200       0.18257373571
     0.960     1.200       0.18721298873
     1.000     1.200       0.19194956124
     1.040     1.200       0.19471788406
     1.080     1.200       0.19550101459
     1.120     1.200       0.19547396898
     1.160     1.200       0.19560548663
     1.200     1.200       0.19635449350
     1.240     1.200       0.19792594016
     1.280     1.200       0.19995300472
     1.320     1.200       0.20104785264
     1.360     1.200       0.19968840480
     1.400     1.200       0.19638144970
     1.440     1.200       0.19464181364
     1.480     1.200       0.19841834903
     1.520     1.200       0.20662158728
     1.560     1.200       0.20893789828
     1.600     1.200       0.18963626027
     0.080     1.240       0.18551969528
     0.120     1.240       0.20614688098
     0.160     1.240       0.20486848056
     0.200     1.240       0.19739595056
     0.240     1.240       0.19439037144
     0.280     1.240       0.19711962342
     0.320     1.240       0.20133469999
     0.360     1.240       0.20287080109
     0.400     1.240       0.20068180561
     0.440     1.240       0.19665431976
     0.480     1.240       0.19360427558
     0.520     1.240       0.19282849133
     0.560     1.240       0.19282099605
     0.600     1.240       0.19041702151
     0.640     1.240       0.18419112265
     0.680     1.240       0.17751762271
     0.720     1.240       0.17625936866
     0.760     1.240       0.18161953986
     0.800     1.240       0.18838335574
     0.840     1.240       0.19181047380
     0.880     1.240       0.19241160154
     0.920     1.240       0.19320501387
     0.960     1.240       0.19542677701
     1.000     1.240       0.19790512323
     1.040     1.240       0.19929920137
     1.080     1.240       0.19952256978
     1.120     1.240       0.19922661781
     1.160     1.240       0.19893667102
     1.200     1.240       0.19897703826
     1.240     1.240       0.19967964292
     1.280     1.240       0.20091678202
     1.320     1.240       0.20150142908
     1.360     1.240       0.19993990660
     1.400     1.240       0.19657409191
     1.440     1.240       0.19472499192
     1.480     1.240       0.19831764698
     1.520     1.240       0.20640003681
     1.560     1.240       0.20878744125
     1.600     1.240       0.18975928426
     0.080     1.280       0.18712234497
     0.120     1.280       0.20744475722
     0.160     1.280       0.20590160787
     0.200     1.280       0.19810397923
     0.240     1.280       0.19464454055
     0.280     1.280       0.19683215022
     0.320     1.280       0.20052035153
     0.360     1.280       0.20158733428
     0.400     1.280       0.19891987741
     0.440     1.280       0.19435122609
     0.480     1.280       0.19082564116
     0.520     1.280       0.19013017416
     0.560     1.280       0.19168785214
     0.600     1.280       0.19342131913
     0.640     1.280       0.19399198890
     0.680     1.280       0.19451659918
     0.720     1.280       0.19728696346
     0.760     1.280       0.20215694606
     0.800     1.280       0.20594716072
     0.840     1.280       0.20631943643
     0.880     1.280       0.20427067578
     0.920     1.280       0.20225585997
     0.960     1.280       0.20151720941
     1.000     1.280       0.20167326927
     1.040     1.280       0.20190075040
     1.080     1.280       0.20176373422
     1.120     1.280       0.20115725696
     1.160     1.280       0.20018856227
     1.200     1.280       0.19935145974
     1.240     1.280       0.19940178096
     1.280     1.280       0.20043741167
     1.320     1.280       0.20115786791
     1.360     1.280       0.19979310036
     1.400     1.280       0.19648770988
     1.440     1.280       0.19455909729
     1.480     1.280       0.19805599749
     1.520     1.280       0.20611567795
     1.560     1.280       0.20856380463
     1.600     1.280       0.18972182274
     0.080     1.320       0.18935467303
     0.120     1.320       0.20930877328
     0.160     1.320       0.20725372434
     0.200     1.320       0.19899684191
     0.240     1.320       0.19520013034
     0.280     1.320       0.19715613127
     0.320     1.320       0.20071335137
     0.360     1.320       0.20179101825
     0.400     1.320       0.19934700429
     0.440     1.320       0.19521912932
     0.480     1.320       0.19228427112
     0.520     1.320       0.19233649969
     0.560     1.320       0.19508771598
     0.600     1.320       0.19894619286
     0.640     1.320       0.20256955922
     0.680     1.320       0.20573967695
     0.720     1.320       0.20880062878
     0.760     1.320       0.21130709350
     0.800     1.320       0.21195293963
     0.840     1.320       0.21011553705
     0.880     1.320       0.20676559210
     0.920     1.320       0.20356884599
     0.960     1.320       0.20158737898
     1.000     1.320       0.20090249181
     1.040     1.320       0.20096124709
     1.080     1.320       0.20098093152
     1.120     1.320       0.20030085742
     1.160     1.320       0.19888493419
     1.200     1.320       0.19761799276
     1.240     1.320       0.19772303104
     1.280     1.320       0.19934885204
     1.320     1.320       0.20081505179
     1.360     1.320       0.19993950427
     1.400     1.320       0.19673706591
     1.440     1.320       0.19467502832
     1.480     1.320       0.19801424444
     1.520     1.320       0.20597290993
     1.560     1.320       0.20834904909
     1.600     1.320       0.18955253065
     0.080     1.360       0.19073557854
     0.120     1.360       0.21034044027
     0.160     1.360       0.20796388388
     0.200     1.360       0.19962228835
     0.240     1.360       0.19599165022
     0.280     1.360       0.19824256003
     0.320     1.360       0.20215418935
     0.360     1.360       0.20375391841
     0.400     1.360       0.20215670764
     0.440     1.360       0.19911684096
     0.480     1.360       0.19708350301
     0.520     1.360       0.19737353921
     0.560     1.360       0.19955824316
     0.600     1.360       0.20229741931
     0.640     1.360       0.20454794168
     0.680     1.360       0.20604991913
     0.720     1.360       0.20694091916
     0.760     1.360       0.20714889467
     0.800     1.360       0.20634515584
     0.840     1.360       0.20442551374
     0.880     1.360       0.20186384022
     0.920     1.360       0.19950696826
     0.960     1.360       0.19810560346
     1.000     1.360       0.19792336226
     1.040     1.360       0.19854217768
     1.080     1.360       0.19898758829
     1.120     1.360       0.19836848974
     1.160     1.360       0.19676668942
     1.200     1.360       0.19552499056
     1.240     1.360       0.19622246921
     1.280     1.360       0.19887924194
     1.320     1.360       0.20130494237
     1.360     1.360       0.20089162886
     1.400     1.360       0.19760853052
     1.440     1.360       0.19518715143
     1.480     1.360       0.19818732142
     1.520     1.360       0.20594887435
     1.560     1.360       0.20823042095
     1.600     1.360       0.18945249915
     0.080     1.400       0.19055333734
     0.120     1.400       0.20994214714
     0.160     1.400       0.20763932168
     0.200     1.400       0.19964203238
     0.240     1.400       0.19650828838
     0.280     1.400       0.19923789799
     0.320     1.400       0.20359866321
     0.360     1.400       0.20579914749
     0.400     1.400       0.20512183011
     0.440     1.400       0.20314967632
     0.480     1.400       0.20174458623
     0.520     1.400       0.20159715414
     0.560     1.400       0.20209267735
     0.600     1.400       0.20222969353
     0.640     1.400       0.20156775415
     0.680     1.400       0.20042866468
     0.720     1.400       0.19941923022
     0.760     1.400       0.19884897768
     0.800     1.400       0.19853785634
     0.840     1.400       0.19806946814
     0.880     1.400       0.19722771645
     0.920     1.400       0.19627062976
     0.960     1.400       0.19580838084
     1.000     1.400       0.19628761709
     1.040     1.400       0.19741098583
     1.080     1.400       0.19811771810
     1.120     1.400       0.19744344056
     1.160     1.400       0.19565923512
     1.200     1.400       0.19449524581
     1.240     1.400       0.19575880468
     1.280     1.400       0.19928523898
     1.320     1.400       0.20241329074
     1.360     1.400       0.20217813551
     1.400     1.400       0.19857051969
     1.440     1.400       0.19562469423
     1.480     1.400       0.19822859764
     1.520     1.400       0.20586319268
     1.560     1.400       0.20822182298
     1.600     1.400       0.18956822157
     0.080     1.440       0.18940983713
     0.120     1.440       0.20870803297
     0.160     1.440       0.20664171875
     0.200     1.440       0.19898882508
     0.240     1.440       0.19614154100
     0.280     1.440       0.19903506339
     0.320     1.440       0.20352835953
     0.360     1.440       0.20602670312
     0.400     1.440       0.20591761172
     0.440     1.440       0.20462472737
     0.480     1.440       0.20359256864
     0.520     1.440       0.20306742191
     0.560     1.440       0.20230573416
     0.600     1.440       0.20062075555
     0.640     1.440       0.19813458622
     0.680     1.440       0.19570809603
     0.720     1.440       0.19431437552
     0.760     1.440       0.19435161352
     0.800     1.440       0.19538021088
     0.840     1.440       0.19645620883
     0.880     1.440       0.19682829082
     0.920     1.440       0.19650661945
     0.960     1.440       0.19624051452
     1.000     1.440       0.19678768516
     1.040     1.440       0.19800683856
     1.080     1.440       0.19874009490
     1.120     1.440       0.19789282978
     1.160     1.440       0.19580131769
     1.200     1.440       0.19443444908
     1.240     1.440       0.19577786326
     1.280     1.440       0.19959616661
     1.320     1.440       0.20296002924
     1.360     1.440       0.20268385112
     1.400     1.440       0.19878058136
     1.440     1.440       0.19549790025
     1.480     1.440       0.19793328643
     1.520     1.440       0.20566904545
     1.560     1.440       0.20831780136
     1.600     1.440       0.18988393247
     0.080     1.480       0.18856461346
     0.120     1.480       0.20783841610
     0.160     1.480       0.20585875213
     0.200     1.480       0.19817213714
     0.240     1.480       0.19509258866
     0.280     1.480       0.19766442478
     0.320     1.480       0.20193003118
     0.360     1.480       0.20440801978
     0.400     1.480       0.20445449650
     0.440     1.480       0.20341090858
     0.480     1.480       0.20264026523
     0.520     1.480       0.20226973295
     0.560     1.480       0.20145270228
     0.600     1.480       0.19957973063
     0.640     1.480       0.19700238109
     0.680     1.480       0.19478386641
     0.720     1.480       0.19396916032
     0.760     1.480       0.19486793876
     0.800     1.480       0.19679699838
     0.840     1.480       0.19851772487
     0.880     1.480       0.19907400012
     0.920     1.480       0.19848175347
     0.960     1.480       0.19772738218
     1.000     1.480       0.19788788259
     1.040     1.480       0.19897684455
     1.080     1.480       0.19971789420
     1.120     1.480       0.19876135886
     1.160     1.480       0.19631811976
     1.200     1.480       0.19444718957
     1.240     1.480       0.19532549381
     1.280     1.480       0.19884733856
     1.320     1.480       0.20209039748
     1.360     1.480       0.20181985199
     1.400     1.480       0.19801564515
     1.440     1.480       0.19490182400
     1.480     1.480       0.19755454361
     1.520     1.480       0.20557264984
     1.560     1.480       0.20854751766
     1.600     1.480       0.19027240574
     0.080     1.520       0.18900421262
     0.120     1.520       0.20831981301
     0.160     1.520       0.20623321831
     0.200     1.520       0.19819685817
     0.240     1.520       0.19457615912
     0.280     1.520       0.19661371410
     0.320     1.520       0.20054110885
     0.360     1.520       0.20285645127
     0.400     1.520       0.20275837183
     0.440     1.520       0.20157538354
     0.480     1.520       0.20088106394
     0.520     1.520       0.20096343756
     0.560     1.520       0.20089347661
     0.600     1.520       0.19988648593
     0.640     1.520       0.19818541408
     0.680     1.520       0.19674362242
     0.720     1.520       0.19648034871
     0.760     1.520       0.19763205945
     0.800     1.520       0.19951672852
     0.840     1.520       0.20094698668
     0.880     1.520       0.20104645193
     0.920     1.520       0.19991078973
     0.960     1.520       0.19863469899
     1.000     1.520       0.19844897091
     1.040     1.520       0.19947446883
     1.080     1.520       0.20035180449
     1.120     1.520       0.19947105646
     1.160     1.520       0.19679880142
     1.200     1.520       0.19435967505
     1.240     1.520       0.19450828433
     1.280     1.520       0.19740307331
     1.320     1.520       0.20036771894
     1.360     1.520       0.20027901232
     1.400     1.520       0.19701209664
     1.440     1.520       0.19450782239
     1.480     1.520       0.19758571684
     1.520     1.520       0.20580729842
     1.560     1.520       0.20887088776
     1.600     1.520       0.19052630663
     0.080     1.560       0.19077473879
     0.120     1.560       0.21020132303
     0.160     1.560       0.20799212158
     0.200     1.560       0.19968277216
     0.240     1.560       0.19571715593
     0.280     1.560       0.19746214151
     0.320     1.560       0.20119920373
     0.360     1.560       0.20330068469
     0.400     1.560       0.20280414820
     0.440     1.560       0.20114299655
     0.480     1.560       0.20026417077
     0.520     1.560       0.20069859922
     0.560     1.560       0.20140194893
     0.600     1.560       0.20131652057
     0.640     1.560       0.20046027005
     0.680     1.560       0.19958326221
     0.720     1.560       0.19942037761
     0.760     1.560       0.20019437373
     0.800     1.560       0.20140978694
     0.840     1.560       0.20215111971
     0.880     1.560       0.20174989104
     0.920     1.560       0.20034824312
     0.960     1.560       0.19895458221
     1.000     1.560       0.19874241948
     1.040     1.560       0.19987405837
     1.080     1.560       0.20101340115
     1.120     1.560       0.20039953291
     1.160     1.560       0.19775627553
     1.200     1.560       0.19496971369
     1.240     1.560       0.19447150826
     1.280     1.560       0.19669951499
     1.320     1.560       0.19933795929
     1.360     1.560       0.19948056340
     1.400     1.560       0.19684848189
     1.440     1.560       0.19494751096
     1.480     1.560       0.19824439287
     1.520     1.560       0.20629815757
     1.560     1.560       0.20903927088
     1.600     1.560       0.19036345184
     0.080     1.600       0.19270007312
     0.120     1.600       0.21218307316
     0.160     1.600       0.20999336243
     0.200     1.600       0.20182840526
     0.240     1.600       0.19811664522
     0.280     1.600       0.20011267066
     0.320     1.600       0.20392647386
     0.360     1.600       0.20574417710
     0.400     1.600       0.20459441841
     0.440     1.600       0.20222760737
     0.480     1.600       0.20101334155
     0.520     1.600       0.20159792900
     0.560     1.600       0.20270757377
     0.600     1.600       0.20304267108
     0.640     1.600       0.20251692832
     0.680     1.600       0.20178170502
     0.720     1.600       0.20142821968
     0.760     1.600       0.20164614916
     0.800     1.600       0.20213212073
     0.840     1.600       0.20228096843
     0.880     1.600       0.20164456964
     0.920     1.600       0.20035518706
     0.960     1.600       0.19922341406
     1.000     1.600       0.19923923910
     1.040     1.600       0.20057593286
     1.080     1.600       0.20201137662
     1.120     1.600       0.20177751780
     1.160     1.600       0.19941473007
     1.200     1.600       0.19660335779
     1.240     1.600       0.19573211670
     1.280     1.600       0.19745227695
     1.320     1.600       0.19980759919
     1.360     1.600       0.20008373260
     1.400     1.600       0.19780002534
     1.440     1.600       0.19604539871
     1.480     1.600       0.19904337823
     1.520     1.600       0.20645298064
     1.560     1.600       0.20851388574
     1.600     1.600       0.18939523399
     0.080     1.640       0.19288094342
     0.120     1.640       0.21215908229
     0.160     1.640       0.21011209488
     0.200     1.640       0.20249988139
     0.240     1.640       0.19960127771
     0.280     1.640       0.20235702395
     0.320     1.640       0.20650824904
     0.360     1.640       0.20803178847
     0.400     1.640       0.20612250268
     0.440     1.640       0.20303024352
     0.480     1.640       0.20151874423
     0.520     1.640       0.20217132568
     0.560     1.640       0.20338778198
     0.600     1.640       0.20370763540
     0.640     1.640       0.20311979949
     0.680     1.640       0.20232041180
     0.720     1.640       0.20179733634
     0.760     1.640       0.20165157318
     0.800     1.640       0.20167325437
     0.840     1.640       0.20149554312
     0.880     1.640       0.20085926354
     0.920     1.640       0.19987480342
     0.960     1.640       0.19912999868
     1.000     1.640       0.19941033423
     1.040     1.640       0.20089709759
     1.080     1.640       0.20252875984
     1.120     1.640       0.20262338221
     1.160     1.640       0.20060506463
     1.200     1.640       0.19795623422
     1.240     1.640       0.19698090851
     1.280     1.640       0.19846512377
     1.320     1.640       0.20069365203
     1.360     1.640       0.20099636912
     1.400     1.640       0.19865877926
     1.440     1.640       0.19650852680
     1.480     1.640       0.19875195622
     1.520     1.640       0.20523425937
     1.560     1.640       0.20649605989
     1.600     1.640       0.18705578148
     0.080     1.680       0.19025355577
     0.120     1.680       0.20904757082
     0.160     1.680       0.20710590482
     0.200     1.680       0.20000863075
     0.240     1.680       0.19791166484
     0.280     1.680       0.20150621235
     0.320     1.680       0.20615121722
     0.360     1.680       0.20758000016
     0.400     1.680       0.20517273247
     0.440     1.680       0.20164699852
     0.480     1.680       0.20004120469
     0.520     1.680       0.20078301430
     0.560     1.680       0.20199988782
     0.600     1.680       0.20219954848
     0.640     1.680       0.20152732730
     0.680     1.680       0.20076273382
     0.720     1.680       0.20028612018
     0.760     1.680       0.20004558563
     0.800     1.680       0.19984416664
     0.840     1.680       0.19950769842
     0.880     1.680       0.19895836711
     0.920     1.680       0.19828288257
     0.960     1.680       0.19786030054
     1.000     1.680       0.19828096032
     1.040     1.680       0.19972996414
     1.080     1.680       0.20131659508
     1.120     1.680       0.20149748027
     1.160     1.680       0.19967254996
     1.200     1.680       0.19720086455
     1.240     1.680       0.19630295038
     1.280     1.680       0.19780200720
     1.320     1.680       0.20002771914
     1.360     1.680       0.20022930205
     1.400     1.680       0.19753883779
     1.440     1.680       0.19478833675
     1.480     1.680       0.19632448256
     1.520     1.680       0.20205734670
     1.560     1.680       0.20263171196
     1.600     1.680       0.18303789198
     0.080     1.720       0.18641635776
     0.120     1.720       0.20491637290
     0.160     1.720       0.20287901163
     0.200     1.720       0.19558244944
     0.240     1.720       0.19342796504
     0.280     1.720       0.19729658961
     0.320     1.720       0.20236562192
     0.360     1.720       0.20409914851
     0.400     1.720       0.20185287297
     0.440     1.720       0.19848993421
     0.480     1.720       0.19706687331
     0.520     1.720       0.19788689911
     0.560     1.720       0.19904567301
     0.600     1.720       0.19919453561
     0.640     1.720       0.19862449169
     0.680     1.720       0.19811315835
     0.720     1.720       0.19788014889
     0.760     1.720       0.19769594073
     0.800     1.720       0.19737264514
     0.840     1.720       0.19693711400
     0.880     1.720       0.19649744034
     0.920     1.720       0.19610643387
     0.960     1.720       0.19591766596
     1.000     1.720       0.19631688297
     1.040     1.720       0.19748431444
     1.080     1.720       0.19870848954
     1.120     1.720       0.19865623116
     1.160     1.720       0.19682279229
     1.200     1.720       0.19451445341
     1.240     1.720       0.19381655753
     1.280     1.720       0.19540894032
     1.320     1.720       0.19751286507
     1.360     1.720       0.19734257460
     1.400     1.720       0.19419257343
     1.440     1.720       0.19122295082
     1.480     1.720       0.19287541509
     1.520     1.720       0.19863460958
     1.560     1.720       0.19872987270
     1.600     1.720       0.17870457470
     0.080     1.760       0.18557249010
     0.120     1.760       0.20490096509
     0.160     1.760       0.20253735781
     0.200     1.760       0.19387449324
     0.240     1.760       0.19030605257
     0.280     1.760       0.19348952174
     0.320     1.760       0.19870477915
     0.360     1.760       0.20111842453
     0.400     1.760       0.19974853098
     0.440     1.760       0.19712208211
     0.480     1.760       0.19599641860
     0.520     1.760       0.19667565823
     0.560     1.760       0.19758336246
     0.600     1.760       0.19768476486
     0.640     1.760       0.19733622670
     0.680     1.760       0.19718103111
     0.720     1.760       0.19723579288
     0.760     1.760       0.19713394344
     0.800     1.760       0.19673842192
     0.840     1.760       0.19629718363
     0.880     1.760       0.19607226551
     0.920     1.760       0.19602760673
     0.960     1.760       0.19604292512
     1.000     1.760       0.19628287852
     1.040     1.760       0.19693484902
     1.080     1.760       0.19751892984
     1.120     1.760       0.19701786339
     1.160     1.760       0.19513186812
     1.200     1.760       0.19311004877
     1.240     1.760       0.19274656475
     1.280     1.760       0.19437144697
     1.320     1.760       0.19603720307
     1.360     1.760       0.19516231120
     1.400     1.760       0.19165483117
     1.440     1.760       0.18930289149
     1.480     1.760       0.19247934222
     1.520     1.760       0.19954514503
     1.560     1.760       0.19942043722
     1.600     1.760       0.17780238390
     0.080     1.800       0.19075684249
     0.120     1.800       0.21283669770
     0.160     1.800       0.21012388170
     0.200     1.800       0.19922314584
     0.240     1.800       0.19336539507
     0.280     1.800       0.19528631866
     0.320     1.800       0.20044228435
     0.360     1.800       0.20366480947
     0.400     1.800       0.20340469480
     0.440     1.800       0.20150566101
     0.480     1.800       0.20029267669
     0.520     1.800       0.20030124485
     0.560     1.800       0.20060744882
     0.600     1.800       0.20057912171
     0.640     1.800       0.20047666132
     0.680     1.800       0.20064851642
     0.720     1.800       0.20089817047
     0.760     1.800       0.20082223415
     0.800     1.800       0.20041742921
     0.840     1.800       0.20012621582
     0.880     1.800       0.20027875900
     0.920     1.800       0.20066446066
     0.960     1.800       0.20086149871
     1.000     1.800       0.20083425939
     1.040     1.800       0.20082430542
     1.080     1.800       0.20066501200
     1.120     1.800       0.19974730909
     1.160     1.800       0.19801396132
     1.200     1.800       0.19657973945
     1.240     1.800       0.19677166641
     1.280     1.800       0.19842915237
     1.320     1.800       0.19945470989
     1.360     1.800       0.19769546390
     1.400     1.800       0.19396802783
     1.440     1.800       0.19289045036
     1.480     1.800       0.19875194132
     1.520     1.800       0.20842199028
     1.560     1.800       0.20844134688
     1.600     1.800       0.18342794478
     0.080     1.840       0.19752527773
     0.120     1.840       0.22412547469
     0.160     1.840       0.22177910805
     0.200     1.840       0.20916116238
     0.240     1.840       0.20169621706
     0.280     1.840       0.20289130509
     0.320     1.840       0.20815813541
     0.360     1.840       0.21200719476
     0.400     1.840       0.21236030757
     0.440     1.840       0.21040908992
     0.480     1.840       0.20822127163
     0.520     1.840       0.20685492456
     0.560     1.840       0.20622947812
     0.600     1.840       0.20605197549
     0.640     1.840       0.20627109706
     0.680     1.840       0.20675791800
     0.720     1.840       0.20709639788
     0.760     1.840       0.20696115494
     0.800     1.840       0.20655578375
     0.840     1.840       0.20647740364
     0.880     1.840       0.20703047514
     0.920     1.840       0.20780001581
     0.960     1.840       0.20810323954
     1.000     1.840       0.20776796341
     1.040     1.840       0.20714005828
     1.080     1.840       0.20638911426
     1.120     1.840       0.20531910658
     1.160     1.840       0.20407512784
     1.200     1.840       0.20356008410
     1.240     1.840       0.20457711816
     1.280     1.840       0.20645843446
     1.320     1.840       0.20697291195
     1.360     1.840       0.20436896384
     1.400     1.840       0.20027375221
     1.440     1.840       0.20011305809
     1.480     1.840       0.20838305354
     1.520     1.840       0.22083006799
     1.560     1.840       0.22110952437
     1.600     1.840       0.19144807756
     0.080     1.880       0.19054271281
     0.120     1.880       0.22201430798
     0.160     1.880       0.22253923118
     0.200     1.880       0.21114763618
     0.240     1.880       0.20458310843
     0.280     1.880       0.20647200942
     0.320     1.880       0.21215401590
     0.360     1.880       0.21617348492
     0.400     1.880       0.21630224586
     0.440     1.880       0.21339081228
     0.480     1.880       0.20951323211
     0.520     1.880       0.20638632774
     0.560     1.880       0.20472843945
     0.600     1.880       0.20444492996
     0.640     1.880       0.20503827929
     0.680     1.880       0.20583817363
     0.720     1.880       0.20622363687
     0.760     1.880       0.20599214733
     0.800     1.880       0.20555512607
     0.840     1.880       0.20560272038
     0.880     1.880       0.20637801290
     0.920     1.880       0.20732785761
     0.960     1.880       0.20764108002
     1.000     1.880       0.20708949864
     1.040     1.880       0.20610061288
     1.080     1.880       0.20509406924
     1.120     1.880       0.20417775214
     1.160     1.880       0.20361733437
     1.200     1.880       0.20410552621
     1.240     1.880       0.20601309836
     1.280     1.880       0.20830267668
     1.320     1.880       0.20864838362
     1.360     1.880       0.20547991991
     1.400     1.880       0.20071563125
     1.440     1.880       0.20007587969
     1.480     1.880       0.20832036436
     1.520     1.880       0.22098985314
     1.560     1.880       0.22011843324
     1.600     1.880       0.18670335412
     0.080     1.920       0.15621061623
     0.120     1.920       0.18901543319
     0.160     1.920       0.19514735043
     0.200     1.920       0.18941578269
     0.240     1.920       0.18674044311
     0.280     1.920       0.19028539956
     0.320     1.920       0.19607071579
     0.360     1.920       0.19955424964
     0.400     1.920       0.19892026484
     0.440     1.920       0.19496002793
     0.480     1.920       0.18973924220
     0.520     1.920       0.18532328308
     0.560     1.920       0.18286058307
     0.600     1.920       0.18234677613
     0.640     1.920       0.18300901353
     0.680     1.920       0.18387106061
     0.720     1.920       0.18423354626
     0.760     1.920       0.18398466706
     0.800     1.920       0.18360133469
     0.840     1.920       0.18372404575
     0.880     1.920       0.18452019989
     0.920     1.920       0.18544341624
     0.960     1.920       0.18574255705
     1.000     1.920       0.18520104885
     1.040     1.920       0.18422548473
     1.080     1.920       0.18329760432
     1.120     1.920       0.18267142773
     1.160     1.920       0.18265801668
     1.200     1.920       0.18377573788
     1.240     1.920       0.18614199758
     1.280     1.920       0.18864014745
     1.320     1.920       0.18909832835
     1.360     1.920       0.18604393303
     1.400     1.920       0.18101324141
     1.440     1.920       0.17885307968
     1.480     1.920       0.18367992342
     1.520     1.920       0.19163759053
     1.560     1.920       0.18699626625
     1.600     1.920       0.15433919430
