     0.080     0.080       0.17850856483
     0.120     0.080       0.19822388887
     0.160     0.080       0.19436280429
     0.200     0.080       0.18750050664
     0.240     0.080       0.18914325535
     0.280     0.080       0.19520269334
     0.320     0.080       0.19764932990
     0.360     0.080       0.19552929699
     0.400     0.080       0.19306345284
     0.440     0.080       0.19311024249
     0.480     0.080       0.19457155466
     0.520     0.080       0.19473570585
     0.560     0.080       0.19299046695
     0.600     0.080       0.19144892693
     0.640     0.080       0.19201359153
     0.680     0.080       0.19414806366
     0.720     0.080       0.19595323503
     0.760     0.080       0.19645944238
     0.800     0.080       0.19617207348
     0.840     0.080       0.19592732191
     0.880     0.080       0.19609116018
     0.920     0.080       0.19673161209
     0.960     0.080       0.19764651358
     1.000     0.080       0.19810959697
     1.040     0.080       0.19762763381
     1.080     0.080       0.19696444273
     1.120     0.080       0.19718797505
     1.160     0.080       0.19775630534
     1.200     0.080       0.19675590098
     1.240     0.080       0.19364464283
     1.280     0.080       0.19146950543
     1.320     0.080       0.19423162937
     1.360     0.080       0.20001922548
     1.400     0.080       0.19976605475
     1.440     0.080       0.18806143105
     1.480     0.080       0.17364372313
     1.520     0.080       0.17056237161
     1.560     0.080       0.17835669219
     1.600     0.080       0.17299985886
     0.080     0.120       0.19736368954
     0.120     0.120       0.22242537141
     0.160     0.120       0.21738950908
     0.200     0.120       0.20446719229
     0.240     0.120       0.20191594958
     0.280     0.120       0.20698818564
     0.320     0.120       0.20969636738
     0.360     0.120       0.20763269067
     0.400     0.120       0.20501863956
     0.440     0.120       0.20526860654
     0.480     0.120       0.20750468969
     0.520     0.120       0.20875422657
     0.560     0.120       0.20795266330
     0.600     0.120       0.20678707957
     0.640     0.120       0.20695777237
     0.680     0.120       0.20814906061
     0.720     0.120       0.20898066461
     0.760     0.120       0.20880249143
     0.800     0.120       0.20805616677
     0.840     0.120       0.20738485456
     0.880     0.120       0.20702891052
     0.920     0.120       0.20701305568
     0.960     0.120       0.20715662837
     1.000     0.120       0.20686738193
     1.040     0.120       0.20584972203
     1.080     0.120       0.20512436330
     1.120     0.120       0.20600815117
     1.160     0.120       0.20782157779
     1.200     0.120       0.20787627995
     1.240     0.120       0.20484945178
     1.280     0.120       0.20210553706
     1.320     0.120       0.20499533415
     1.360     0.120       0.21238063276
     1.400     0.120       0.21458831429
     1.440     0.120       0.20630393922
     1.480     0.120       0.19868040085
     1.520     0.120       0.20570522547
     1.560     0.120       0.21688604355
     1.600     0.120       0.20319411159
     0.080     0.160       0.19268265367
     0.120     0.160       0.21721829474
     0.160     0.160       0.21291056275
     0.200     0.160       0.19959022105
     0.240     0.160       0.19637502730
     0.280     0.160       0.20119370520
     0.320     0.160       0.20400471985
     0.360     0.160       0.20218449831
     0.400     0.160       0.19979231060
     0.440     0.160       0.20015558600
     0.480     0.160       0.20259384811
     0.520     0.160       0.20449267328
     0.560     0.160       0.20470847189
     0.600     0.160       0.20420287549
     0.640     0.160       0.20401303470
     0.680     0.160       0.20404864848
     0.720     0.160       0.20377083123
     0.760     0.160       0.20301571488
     0.800     0.160       0.20206159353
     0.840     0.160       0.20123483241
     0.880     0.160       0.20069688559
     0.920     0.160       0.20051251352
     0.960     0.160       0.20053398609
     1.000     0.160       0.20018757880
     1.040     0.160       0.19912907481
     1.080     0.160       0.19832447171
     1.120     0.160       0.19929414988
     1.160     0.160       0.20170968771
     1.200     0.160       0.20267271996
     1.240     0.160       0.20005431771
     1.280     0.160       0.19679684937
     1.320     0.160       0.19888505340
     1.360     0.160       0.20623120666
     1.400     0.160       0.20946885645
     1.440     0.160       0.20298385620
     1.480     0.160       0.19796724617
     1.520     0.160       0.20784099400
     1.560     0.160       0.21948233247
     1.600     0.160       0.20529966056
     0.080     0.200       0.18494634330
     0.120     0.200       0.20481523871
     0.160     0.200       0.20095624030
     0.200     0.200       0.19130532444
     0.240     0.200       0.19095937908
     0.280     0.200       0.19652034342
     0.320     0.200       0.19899435341
     0.360     0.200       0.19709064066
     0.400     0.200       0.19500251114
     0.440     0.200       0.19531580806
     0.480     0.200       0.19709505141
     0.520     0.200       0.19837836921
     0.560     0.200       0.19861572981
     0.600     0.200       0.19845043123
     0.640     0.200       0.19823248684
     0.680     0.200       0.19778349996
     0.720     0.200       0.19709973037
     0.760     0.200       0.19641765952
     0.800     0.200       0.19590133429
     0.840     0.200       0.19560040534
     0.880     0.200       0.19553387165
     0.920     0.200       0.19578637183
     0.960     0.200       0.19626100361
     1.000     0.200       0.19636546075
     1.040     0.200       0.19554594159
     1.080     0.200       0.19448362291
     1.120     0.200       0.19485391676
     1.160     0.200       0.19697342813
     1.200     0.200       0.19826744497
     1.240     0.200       0.19607444108
     1.280     0.200       0.19254507124
     1.320     0.200       0.19366277754
     1.360     0.200       0.20018725097
     1.400     0.200       0.20318487287
     1.440     0.200       0.19585032761
     1.480     0.200       0.18762136996
     1.520     0.200       0.19287623465
     1.560     0.200       0.20377366245
     1.600     0.200       0.19573932886
     0.080     0.240       0.18579037488
     0.120     0.240       0.20296579599
     0.160     0.240       0.19931420684
     0.200     0.240       0.19247871637
     0.240     0.240       0.19403737783
     0.280     0.240       0.19936908782
     0.320     0.240       0.20083646476
     0.360     0.240       0.19868929684
     0.400     0.240       0.19716246426
     0.440     0.240       0.19768691063
     0.480     0.240       0.19857220352
     0.520     0.240       0.19840516150
     0.560     0.240       0.19766870141
     0.600     0.240       0.19735868275
     0.640     0.240       0.19743259251
     0.680     0.240       0.19733938575
     0.720     0.240       0.19707292318
     0.760     0.240       0.19702325761
     0.800     0.240       0.19733269513
     0.840     0.240       0.19781896472
     0.880     0.240       0.19822816551
     0.920     0.240       0.19858227670
     0.960     0.240       0.19903799891
     1.000     0.240       0.19930186868
     1.040     0.240       0.19875819981
     1.080     0.240       0.19765873253
     1.120     0.240       0.19752354920
     1.160     0.240       0.19911098480
     1.200     0.240       0.20033030212
     1.240     0.240       0.19838862121
     1.280     0.240       0.19480592012
     1.320     0.240       0.19523714483
     1.360     0.240       0.20109798014
     1.400     0.240       0.20433191955
     1.440     0.240       0.19736427069
     1.480     0.240       0.18721486628
     1.520     0.240       0.18829886615
     1.560     0.240       0.19757620990
     1.600     0.240       0.19260583818
     0.080     0.280       0.19111099839
     0.120     0.280       0.20845301449
     0.160     0.280       0.20498679578
     0.200     0.280       0.19838400185
     0.240     0.280       0.19913350046
     0.280     0.280       0.20295558870
     0.320     0.280       0.20335312188
     0.360     0.280       0.20112878084
     0.400     0.280       0.20029254258
     0.440     0.280       0.20147019625
     0.480     0.280       0.20220871270
     0.520     0.280       0.20118500292
     0.560     0.280       0.19964940846
     0.600     0.280       0.19914147258
     0.640     0.280       0.19959855080
     0.680     0.280       0.20010863245
     0.720     0.280       0.20035970211
     0.760     0.280       0.20068146288
     0.800     0.280       0.20128679276
     0.840     0.280       0.20187975466
     0.880     0.280       0.20198065042
     0.920     0.280       0.20167221129
     0.960     0.280       0.20159929991
     1.000     0.280       0.20196531713
     1.040     0.280       0.20204456151
     1.080     0.280       0.20144501328
     1.120     0.280       0.20124100149
     1.160     0.280       0.20243531466
     1.200     0.280       0.20345737040
     1.240     0.280       0.20162653923
     1.280     0.280       0.19810514152
     1.320     0.280       0.19813631475
     1.360     0.280       0.20348693430
     1.400     0.280       0.20740218461
     1.440     0.280       0.20278868079
     1.480     0.280       0.19473519921
     1.520     0.280       0.19568651915
     1.560     0.280       0.20377115905
     1.600     0.280       0.19779516757
     0.080     0.320       0.19232548773
     0.120     0.320       0.21078184247
     0.160     0.320       0.20784831047
     0.200     0.320       0.20051854849
     0.240     0.320       0.19960021973
     0.280     0.320       0.20208875835
     0.320     0.320       0.20200458169
     0.360     0.320       0.19979365170
     0.400     0.320       0.19925259054
     0.440     0.320       0.20102019608
     0.480     0.320       0.20241756737
     0.520     0.320       0.20187416673
     0.560     0.320       0.20063851774
     0.600     0.320       0.20036725700
     0.640     0.320       0.20101942122
     0.680     0.320       0.20157775283
     0.720     0.320       0.20161782205
     0.760     0.320       0.20150877535
     0.800     0.320       0.20159202814
     0.840     0.320       0.20159794390
     0.880     0.320       0.20104111731
     0.920     0.320       0.20017135143
     0.960     0.320       0.20003402233
     1.000     0.320       0.20097665489
     1.040     0.320       0.20181626081
     1.080     0.320       0.20147749782
     1.120     0.320       0.20090514421
     1.160     0.320       0.20164248347
     1.200     0.320       0.20263154805
     1.240     0.320       0.20120882988
     1.280     0.320       0.19812682271
     1.320     0.320       0.19804035127
     1.360     0.320       0.20253689587
     1.400     0.320       0.20604331791
     1.440     0.320       0.20306497812
     1.480     0.320       0.19817928970
     1.520     0.320       0.20129214227
     1.560     0.320       0.20916132629
     1.600     0.320       0.20141555369
     0.080     0.360       0.18861256540
     0.120     0.360       0.20768558979
     0.160     0.360       0.20567153394
     0.200     0.360       0.19847799838
     0.240     0.360       0.19716447592
     0.280     0.360       0.19951146841
     0.320     0.360       0.19956205785
     0.360     0.360       0.19726783037
     0.400     0.360       0.19640676677
     0.440     0.360       0.19809590280
     0.480     0.360       0.19999493659
     0.520     0.360       0.20039169490
     0.560     0.360       0.20007659495
     0.600     0.360       0.20025423169
     0.640     0.360       0.20076099038
     0.680     0.360       0.20073704422
     0.720     0.360       0.20004543662
     0.760     0.360       0.19928693771
     0.800     0.360       0.19892086089
     0.840     0.360       0.19867436588
     0.880     0.360       0.19806407392
     0.920     0.360       0.19744837284
     0.960     0.360       0.19788905978
     1.000     0.360       0.19939666986
     1.040     0.360       0.20019516349
     1.080     0.360       0.19899095595
     1.120     0.360       0.19733752310
     1.160     0.360       0.19765123725
     1.200     0.360       0.19917431474
     1.240     0.360       0.19886963069
     1.280     0.360       0.19685781002
     1.320     0.360       0.19694665074
     1.360     0.360       0.20013247430
     1.400     0.360       0.20167317986
     1.440     0.360       0.19818073511
     1.480     0.360       0.19509510696
     1.520     0.360       0.20048305392
     1.560     0.360       0.20889745653
     1.600     0.360       0.20029419661
     0.080     0.400       0.18544234335
     0.120     0.400       0.20417907834
     0.160     0.400       0.20269235969
     0.200     0.400       0.19649969041
     0.240     0.400       0.19627805054
     0.280     0.400       0.19949284196
     0.320     0.400       0.19994795322
     0.360     0.400       0.19748270512
     0.400     0.400       0.19600340724
     0.440     0.400       0.19699805975
     0.480     0.400       0.19853340089
     0.520     0.400       0.19902774692
     0.560     0.400       0.19898676872
     0.600     0.400       0.19921529293
     0.640     0.400       0.19941915572
     0.680     0.400       0.19899769127
     0.720     0.400       0.19812601805
     0.760     0.400       0.19754149020
     0.800     0.400       0.19760851562
     0.840     0.400       0.19786345959
     0.880     0.400       0.19774822891
     0.920     0.400       0.19762293994
     0.960     0.400       0.19840234518
     1.000     0.400       0.19971776009
     1.040     0.400       0.19957299531
     1.080     0.400       0.19700147212
     1.120     0.400       0.19438768923
     1.160     0.400       0.19476470351
     1.200     0.400       0.19731825590
     1.240     0.400       0.19851127267
     1.280     0.400       0.19782750309
     1.320     0.400       0.19817580283
     1.360     0.400       0.19993071258
     1.400     0.400       0.19919492304
     1.440     0.400       0.19461099803
     1.480     0.400       0.19261291623
     1.520     0.400       0.19973477721
     1.560     0.400       0.20833335817
     1.600     0.400       0.19857728481
     0.080     0.440       0.18631559610
     0.120     0.440       0.20382426679
     0.160     0.440       0.20161914825
     0.200     0.440       0.19607961178
     0.240     0.440       0.19730848074
     0.280     0.440       0.20164458454
     0.320     0.440       0.20249119401
     0.360     0.440       0.19991321862
     0.400     0.440       0.19804637134
     0.440     0.440       0.19839777052
     0.480     0.440       0.19907882810
     0.520     0.440       0.19867590070
     0.560     0.440       0.19786649942
     0.600     0.440       0.19761468470
     0.640     0.440       0.19780690968
     0.680     0.440       0.19788591564
     0.720     0.440       0.19785487652
     0.760     0.440       0.19818459451
     0.800     0.440       0.19900639355
     0.840     0.440       0.19972497225
     0.880     0.440       0.19976656139
     0.920     0.440       0.19953964651
     0.960     0.440       0.19993737340
     1.000     0.440       0.20065441728
     1.040     0.440       0.19988463819
     1.080     0.440       0.19696082175
     1.120     0.440       0.19437599182
     1.160     0.440       0.19513732195
     1.200     0.440       0.19834592938
     1.240     0.440       0.20045702159
     1.280     0.440       0.20060038567
     1.320     0.440       0.20089100301
     1.360     0.440       0.20153608918
     1.400     0.440       0.19980984926
     1.440     0.440       0.19566580653
     1.480     0.440       0.19522140920
     1.520     0.440       0.20293578506
     1.560     0.440       0.20968836546
     1.600     0.440       0.19699771702
     0.080     0.480       0.18933399022
     0.120     0.480       0.20524638891
     0.160     0.480       0.20135089755
     0.200     0.480       0.19548413157
     0.240     0.480       0.19750955701
     0.280     0.480       0.20266556740
     0.320     0.480       0.20387712121
     0.360     0.480       0.20142818987
     0.400     0.480       0.19971413910
     0.440     0.480       0.20012308657
     0.480     0.480       0.20044694841
     0.520     0.480       0.19920040667
     0.560     0.480       0.19746437669
     0.600     0.480       0.19685257971
     0.640     0.480       0.19753775001
     0.680     0.480       0.19860588014
     0.720     0.480       0.19939936697
     0.760     0.480       0.20004974306
     0.800     0.480       0.20075373352
     0.840     0.480       0.20112866163
     0.880     0.480       0.20072323084
     0.920     0.480       0.19997136295
     0.960     0.480       0.19985255599
     1.000     0.480       0.20036491752
     1.040     0.480       0.20010055602
     1.080     0.480       0.19821141660
     1.120     0.480       0.19640317559
     1.160     0.480       0.19716754556
     1.200     0.480       0.19996953011
     1.240     0.480       0.20188145339
     1.280     0.480       0.20192120969
     1.320     0.480       0.20165088773
     1.360     0.480       0.20172151923
     1.400     0.480       0.20067593455
     1.440     0.480       0.19863077998
     1.480     0.480       0.19982817769
     1.520     0.480       0.20630691946
     1.560     0.480       0.20879745483
     1.600     0.480       0.19196633995
     0.080     0.520       0.19108220935
     0.120     0.520       0.20589601994
     0.160     0.520       0.20059047639
     0.200     0.520       0.19395303726
     0.240     0.520       0.19597986341
     0.280     0.520       0.20145389438
     0.320     0.520       0.20292539895
     0.360     0.520       0.20076452196
     0.400     0.520       0.19958975911
     0.440     0.520       0.20076005161
     0.480     0.520       0.20170931518
     0.520     0.520       0.20069351792
     0.560     0.520       0.19901965559
     0.600     0.520       0.19869495928
     0.640     0.520       0.19989509881
     0.680     0.520       0.20118151605
     0.720     0.520       0.20145075023
     0.760     0.520       0.20100484788
     0.800     0.520       0.20060169697
     0.840     0.520       0.20023989677
     0.880     0.520       0.19947968423
     0.920     0.520       0.19853487611
     0.960     0.520       0.19824977219
     1.000     0.520       0.19893386960
     1.040     0.520       0.19960545003
     1.080     0.520       0.19910836220
     1.120     0.520       0.19806365669
     1.160     0.520       0.19836872816
     1.200     0.520       0.20015870035
     1.240     0.520       0.20133122802
     1.280     0.520       0.20075070858
     1.320     0.520       0.19967623055
     1.360     0.520       0.19951097667
     1.400     0.520       0.19974635541
     1.440     0.520       0.19983494282
     1.480     0.520       0.20185132325
     1.520     0.520       0.20616602898
     1.560     0.520       0.20434938371
     1.600     0.520       0.18443299830
     0.080     0.560       0.19104543328
     0.120     0.560       0.20586587489
     0.160     0.560       0.20028528571
     0.200     0.560       0.19315862656
     0.240     0.560       0.19477254152
     0.280     0.560       0.19999846816
     0.320     0.560       0.20131169260
     0.360     0.560       0.19910833240
     0.400     0.560       0.19820325077
     0.440     0.560       0.20007875562
     0.480     0.560       0.20205920935
     0.520     0.560       0.20217043161
     0.560     0.560       0.20147019625
     0.600     0.560       0.20168484747
     0.640     0.560       0.20265080035
     0.680     0.560       0.20279058814
     0.720     0.560       0.20138657093
     0.760     0.560       0.19945132732
     0.800     0.560       0.19823081791
     0.840     0.560       0.19775632024
     0.880     0.560       0.19731588662
     0.920     0.560       0.19671775401
     0.960     0.560       0.19653238356
     1.000     0.560       0.19722625613
     1.040     0.560       0.19830866158
     1.080     0.560       0.19864843786
     1.120     0.560       0.19813123345
     1.160     0.560       0.19812916219
     1.200     0.560       0.19928827882
     1.240     0.560       0.20013481379
     1.280     0.560       0.19930635393
     1.320     0.560       0.19780245423
     1.360     0.560       0.19749188423
     1.400     0.560       0.19821457565
     1.440     0.560       0.19891948998
     1.480     0.560       0.20093363523
     1.520     0.560       0.20452177525
     1.560     0.560       0.20191843808
     1.600     0.560       0.18189060688
     0.080     0.600       0.19076035917
     0.120     0.600       0.20653231442
     0.160     0.600       0.20154930651
     0.200     0.600       0.19430577755
     0.240     0.600       0.19535192847
     0.280     0.600       0.19986510277
     0.320     0.600       0.20049646497
     0.360     0.600       0.19775845110
     0.400     0.600       0.19652551413
     0.440     0.600       0.19834688306
     0.480     0.600       0.20067735016
     0.520     0.600       0.20147563517
     0.560     0.600       0.20134222507
     0.600     0.600       0.20142745972
     0.640     0.600       0.20137111843
     0.680     0.600       0.20008160174
     0.720     0.600       0.19770298898
     0.760     0.600       0.19570936263
     0.800     0.600       0.19510246813
     0.840     0.600       0.19544920325
     0.880     0.600       0.19578513503
     0.920     0.600       0.19573672116
     0.960     0.600       0.19565586746
     1.000     0.600       0.19605486095
     1.040     0.600       0.19689804316
     1.080     0.600       0.19745601714
     1.120     0.600       0.19736295938
     1.160     0.600       0.19754037261
     1.200     0.600       0.19875478745
     1.240     0.600       0.19991062582
     1.280     0.600       0.19959329069
     1.320     0.600       0.19849298894
     1.360     0.600       0.19815264642
     1.400     0.600       0.19810509682
     1.440     0.600       0.19756394625
     1.480     0.600       0.19912667572
     1.520     0.600       0.20449806750
     1.560     0.600       0.20557299256
     1.600     0.600       0.18831831217
     0.080     0.640       0.19021436572
     0.120     0.640       0.20730924606
     0.160     0.640       0.20323941112
     0.200     0.640       0.19600297511
     0.240     0.640       0.19641460478
     0.280     0.640       0.20011927187
     0.320     0.640       0.20010593534
     0.360     0.640       0.19701136649
     0.400     0.640       0.19550193846
     0.440     0.640       0.19686189294
     0.480     0.640       0.19857028127
     0.520     0.640       0.19869056344
     0.560     0.640       0.19779060781
     0.600     0.640       0.19701941311
     0.640     0.640       0.19631733000
     0.680     0.640       0.19512595236
     0.720     0.640       0.19388270378
     0.760     0.640       0.19363635778
     0.800     0.640       0.19456847012
     0.840     0.640       0.19582846761
     0.880     0.640       0.19660677016
     0.920     0.640       0.19675394893
     0.960     0.640       0.19657170773
     1.000     0.640       0.19647233188
     1.040     0.640       0.19667533040
     1.080     0.640       0.19695518911
     1.120     0.640       0.19708818197
     1.160     0.640       0.19760872424
     1.200     0.640       0.19901646674
     1.240     0.640       0.20045056939
     1.280     0.640       0.20084238052
     1.320     0.640       0.20073325932
     1.360     0.640       0.20072758198
     1.400     0.640       0.19945228100
     1.440     0.640       0.19666893780
     1.480     0.640       0.19725963473
     1.520     0.640       0.20500428975
     1.560     0.640       0.21103881299
     1.600     0.640       0.19739443064
     0.080     0.680       0.18781155348
     0.120     0.680       0.20637546480
     0.160     0.680       0.20355390012
     0.200     0.680       0.19645750523
     0.240     0.680       0.19624450803
     0.280     0.680       0.19939725101
     0.320     0.680       0.19939741492
     0.360     0.680       0.19680963457
     0.400     0.680       0.19577762485
     0.440     0.680       0.19704687595
     0.480     0.680       0.19788506627
     0.520     0.680       0.19666340947
     0.560     0.680       0.19459840655
     0.600     0.680       0.19352591038
     0.640     0.680       0.19371464849
     0.680     0.680       0.19437992573
     0.720     0.680       0.19527451694
     0.760     0.680       0.19660776854
     0.800     0.680       0.19808967412
     0.840     0.680       0.19905944169
     0.880     0.680       0.19928348064
     0.920     0.680       0.19905744493
     0.960     0.680       0.19868290424
     1.000     0.680       0.19826027751
     1.040     0.680       0.19788099825
     1.080     0.680       0.19763064384
     1.120     0.680       0.19764208794
     1.160     0.680       0.19824135303
     1.200     0.680       0.19940602779
     1.240     0.680       0.20037661493
     1.280     0.680       0.20085287094
     1.320     0.680       0.20169822872
     1.360     0.680       0.20259965956
     1.400     0.680       0.20087926090
     1.440     0.680       0.19631862640
     1.480     0.680       0.19537006319
     1.520     0.680       0.20347222686
     1.560     0.680       0.21171645820
     1.600     0.680       0.20024389029
     0.080     0.720       0.18383291364
     0.120     0.720       0.20398390293
     0.160     0.720       0.20270639658
     0.200     0.720       0.19587066770
     0.240     0.720       0.19513170421
     0.280     0.720       0.19814975560
     0.320     0.720       0.19881215692
     0.360     0.720       0.19722083211
     0.400     0.720       0.19692562521
     0.440     0.720       0.19829036295
     0.480     0.720       0.19864989817
     0.520     0.720       0.19689601660
     0.560     0.720       0.19496732950
     0.600     0.720       0.19499509037
     0.640     0.720       0.19680552185
     0.680     0.720       0.19875770807
     0.720     0.720       0.19995681942
     0.760     0.720       0.20055137575
     0.800     0.720       0.20066127181
     0.840     0.720       0.20020568371
     0.880     0.720       0.19945882261
     0.920     0.720       0.19894652069
     0.960     0.720       0.19883707166
     1.000     0.720       0.19879966974
     1.040     0.720       0.19851318002
     1.080     0.720       0.19808742404
     1.120     0.720       0.19801969826
     1.160     0.720       0.19858606160
     1.200     0.720       0.19919462502
     1.240     0.720       0.19908124208
     1.280     0.720       0.19890935719
     1.320     0.720       0.20030456781
     1.360     0.720       0.20249603689
     1.400     0.720       0.20165257156
     1.440     0.720       0.19678857923
     1.480     0.720       0.19441099465
     1.520     0.720       0.20068484545
     1.560     0.720       0.20764084160
     1.600     0.720       0.19620503485
     0.080     0.760       0.18097829819
     0.120     0.760       0.20248088241
     0.160     0.760       0.20226787031
     0.200     0.760       0.19539554417
     0.240     0.760       0.19429010153
     0.280     0.760       0.19764764607
     0.320     0.760       0.19922953844
     0.360     0.760       0.19824516773
     0.400     0.760       0.19779641926
     0.440     0.760       0.19864557683
     0.480     0.760       0.19883701205
     0.520     0.760       0.19781160355
     0.560     0.760       0.19734813273
     0.600     0.760       0.19860745966
     0.640     0.760       0.20037470758
     0.680     0.760       0.20085634291
     0.720     0.760       0.19984981418
     0.760     0.760       0.19837765396
     0.800     0.760       0.19709172845
     0.840     0.760       0.19601331651
     0.880     0.760       0.19530233741
     0.920     0.760       0.19530545175
     0.960     0.760       0.19594116509
     1.000     0.760       0.19660151005
     1.040     0.760       0.19676463306
     1.080     0.760       0.19660326838
     1.120     0.760       0.19692803919
     1.160     0.760       0.19795560837
     1.200     0.760       0.19848927855
     1.240     0.760       0.19754956663
     1.280     0.760       0.19652441144
     1.320     0.760       0.19792047143
     1.360     0.760       0.20114567876
     1.400     0.760       0.20182651281
     1.440     0.760       0.19794943929
     1.480     0.760       0.19511507452
     1.520     0.760       0.19946038723
     1.560     0.760       0.20419402421
     1.600     0.760       0.19181185961
     0.080     0.800       0.18096739054
     0.120     0.800       0.20328125358
     0.160     0.800       0.20305284858
     0.200     0.800       0.19549635053
     0.240     0.800       0.19408509135
     0.280     0.800       0.19809427857
     0.320     0.800       0.20049831271
     0.360     0.800       0.19931545854
     0.400     0.800       0.19759227335
     0.440     0.800       0.19721128047
     0.480     0.800       0.19738236070
     0.520     0.800       0.19761656225
     0.560     0.800       0.19841435552
     0.600     0.800       0.19923458993
     0.640     0.800       0.19858403504
     0.680     0.800       0.19617858529
     0.720     0.800       0.19344739616
     0.760     0.800       0.19183711708
     0.800     0.800       0.19146116078
     0.840     0.800       0.19159686565
     0.880     0.800       0.19199262559
     0.920     0.800       0.19285865128
     0.960     0.800       0.19399401546
     1.000     0.800       0.19475306571
     1.040     0.800       0.19472379982
     1.080     0.800       0.19436760247
     1.120     0.800       0.19491282105
     1.160     0.800       0.19668173790
     1.200     0.800       0.19798199832
     1.240     0.800       0.19721132517
     1.280     0.800       0.19569100440
     1.320     0.800       0.19647559524
     1.360     0.800       0.19971862435
     1.400     0.800       0.20134803653
     1.440     0.800       0.19874761999
     1.480     0.800       0.19646206498
     1.520     0.800       0.20038069785
     1.560     0.800       0.20445987582
     1.600     0.800       0.19173218310
     0.080     0.840       0.18219876289
     0.120     0.840       0.20522829890
     0.160     0.840       0.20456561446
     0.200     0.840       0.19597508013
     0.240     0.840       0.19414137304
     0.280     0.840       0.19868688285
     0.320     0.840       0.20152427256
     0.360     0.840       0.19960275292
     0.400     0.840       0.19627524912
     0.440     0.840       0.19483834505
     0.480     0.840       0.19545607269
     0.520     0.840       0.19697085023
     0.560     0.840       0.19801901281
     0.600     0.840       0.19706645608
     0.640     0.840       0.19400206208
     0.680     0.840       0.19082027674
     0.720     0.840       0.18950822949
     0.760     0.840       0.19031630456
     0.800     0.840       0.19195930660
     0.840     0.840       0.19308760762
     0.880     0.840       0.19364602864
     0.920     0.840       0.19437190890
     0.960     0.840       0.19537205994
     1.000     0.840       0.19598722458
     1.040     0.840       0.19560991228
     1.080     0.840       0.19457244873
     1.120     0.840       0.19438448548
     1.160     0.840       0.19597284496
     1.200     0.840       0.19788296521
     1.240     0.840       0.19793842733
     1.280     0.840       0.19657854736
     1.320     0.840       0.19659531116
     1.360     0.840       0.19887813926
     1.400     0.840       0.20027995110
     1.440     0.840       0.19829884171
     1.480     0.840       0.19681985676
     1.520     0.840       0.20147116482
     1.560     0.840       0.20647676289
     1.600     0.840       0.19440793991
     0.080     0.880       0.18155685067
     0.120     0.880       0.20592045784
     0.160     0.880       0.20569781959
     0.200     0.880       0.19646766782
     0.240     0.880       0.19409994781
     0.280     0.880       0.19873200357
     0.320     0.880       0.20155988634
     0.360     0.880       0.19889922440
     0.400     0.880       0.19465257227
     0.440     0.880       0.19331429899
     0.480     0.880       0.19530257583
     0.520     0.880       0.19807295501
     0.560     0.880       0.19867615402
     0.600     0.880       0.19621497393
     0.640     0.880       0.19308929145
     0.680     0.880       0.19233365357
     0.720     0.880       0.19422928989
     0.760     0.880       0.19692376256
     0.800     0.880       0.19854186475
     0.840     0.880       0.19826067984
     0.880     0.880       0.19684451818
     0.920     0.880       0.19588692486
     0.960     0.880       0.19613949955
     1.000     0.880       0.19704122841
     1.040     0.880       0.19741705060
     1.080     0.880       0.19666118920
     1.120     0.880       0.19577732682
     1.160     0.880       0.19618730247
     1.200     0.880       0.19745148718
     1.240     0.880       0.19783136249
     1.280     0.880       0.19716168940
     1.320     0.880       0.19723422825
     1.360     0.880       0.19863359630
     1.400     0.880       0.19905135036
     1.440     0.880       0.19684405625
     1.480     0.880       0.19582110643
     1.520     0.880       0.20123597980
     1.560     0.880       0.20723789930
     1.600     0.880       0.19600018859
     0.080     0.920       0.17862817645
     0.120     0.920       0.20457386971
     0.160     0.920       0.20574866235
     0.200     0.920       0.19669276476
     0.240     0.920       0.19398318231
     0.280     0.920       0.19837580621
     0.320     0.920       0.20095705986
     0.360     0.920       0.19802497327
     0.400     0.920       0.19407534599
     0.440     0.920       0.19416041672
     0.480     0.920       0.19801761210
     0.520     0.920       0.20127463341
     0.560     0.920       0.20036040246
     0.600     0.920       0.19665502012
     0.640     0.920       0.19500830770
     0.680     0.920       0.19742564857
     0.720     0.920       0.20112074912
     0.760     0.920       0.20306314528
     0.800     0.920       0.20278570056
     0.840     0.920       0.20086233318
     0.880     0.920       0.19802695513
     0.920     0.920       0.19553227723
     0.960     0.920       0.19443739951
     1.000     0.920       0.19481882453
     1.040     0.920       0.19578652084
     1.080     0.920       0.19622899592
     1.120     0.920       0.19610750675
     1.160     0.920       0.19611898065
     1.200     0.920       0.19612729549
     1.240     0.920       0.19570484757
     1.280     0.920       0.19566315413
     1.320     0.920       0.19702941179
     1.360     0.920       0.19870689511
     1.400     0.920       0.19824062288
     1.440     0.920       0.19534869492
     1.480     0.920       0.19445185363
     1.520     0.920       0.20024012029
     1.560     0.920       0.20646774769
     1.600     0.920       0.19545005262
     0.080     0.960       0.17650349438
     0.120     0.960       0.20284004509
     0.160     0.960       0.20489749312
     0.200     0.960       0.19652105868
     0.240     0.960       0.19403228164
     0.280     0.960       0.19822920859
     0.320     0.960       0.20054341853
     0.360     0.960       0.19784574211
     0.400     0.960       0.19506618381
     0.440     0.960       0.19691373408
     0.480     0.960       0.20165982842
     0.520     0.960       0.20327037573
     0.560     0.960       0.19890263677
     0.600     0.960       0.19322741032
     0.640     0.960       0.19269707799
     0.680     0.960       0.19676975906
     0.720     0.960       0.19962920249
     0.760     0.960       0.19891002774
     0.800     0.960       0.19738365710
     0.840     0.960       0.19704759121
     0.880     0.960       0.19693396986
     0.920     0.960       0.19591838121
     0.960     0.960       0.19405330718
     1.000     0.960       0.19223086536
     1.040     0.960       0.19152288139
     1.080     0.960       0.19218781590
     1.120     0.960       0.19377012551
     1.160     0.960       0.19517789781
     1.200     0.960       0.19484159350
     1.240     0.960       0.19313083589
     1.280     0.960       0.19314344227
     1.320     0.960       0.19627754390
     1.360     0.960       0.19927638769
     1.400     0.960       0.19838559628
     1.440     0.960       0.19462697208
     1.480     0.960       0.19372057915
     1.520     0.960       0.19985140860
     1.560     0.960       0.20591726899
     1.600     0.960       0.19450233877
     0.080     1.000       0.17739076912
     0.120     1.000       0.20225477219
     0.160     1.000       0.20368178189
     0.200     1.000       0.19597260654
     0.240     1.000       0.19425317645
     0.280     1.000       0.19842812419
     0.320     1.000       0.20040911436
     0.360     1.000       0.19799882174
     0.400     1.000       0.19616732001
     0.440     1.000       0.19860781729
     0.480     1.000       0.20216426253
     0.520     1.000       0.20032773912
     0.560     1.000       0.19226512313
     0.600     1.000       0.18573366106
     0.640     1.000       0.18708296120
     0.680     1.000       0.19205598533
     0.720     1.000       0.19224946201
     0.760     1.000       0.18718747795
     0.800     1.000       0.18378788233
     0.840     1.000       0.18585304916
     0.880     1.000       0.19076631963
     0.920     1.000       0.19452412426
     0.960     1.000       0.19478774071
     1.000     1.000       0.19188158214
     1.040     1.000       0.18902343512
     1.080     1.000       0.18909579515
     1.120     1.000       0.19203855097
     1.160     1.000       0.19520013034
     1.200     1.000       0.19515931606
     1.240     1.000       0.19232665002
     1.280     1.000       0.19189757109
     1.320     1.000       0.19627532363
     1.360     1.000       0.20052477717
     1.400     1.000       0.19931919873
     1.440     1.000       0.19460459054
     1.480     1.000       0.19367559254
     1.520     1.000       0.20040883124
     1.560     1.000       0.20651781559
     1.600     1.000       0.19451990724
     0.080     1.040       0.18070524931
     0.120     1.040       0.20303891599
     0.160     1.040       0.20277093351
     0.200     1.040       0.19538627565
     0.240     1.040       0.19450175762
     0.280     1.040       0.19860734046
     0.320     1.040       0.20006465912
     0.360     1.040       0.19755384326
     0.400     1.040       0.19563819468
     0.440     1.040       0.19689834118
     0.480     1.040       0.19801867008
     0.520     1.040       0.19409587979
     0.560     1.040       0.18684871495
     0.600     1.040       0.18474785984
     0.640     1.040       0.19109475613
     0.680     1.040       0.19746348262
     0.720     1.040       0.19441159070
     0.760     1.040       0.18396422267
     0.800     1.040       0.17633937299
     0.840     1.040       0.17683109641
     0.880     1.040       0.18241935968
     0.920     1.040       0.18884482980
     0.960     1.040       0.19293147326
     1.000     1.040       0.19251178205
     1.040     1.040       0.19023987651
     1.080     1.040       0.19063673913
     1.120     1.040       0.19406919181
     1.160     1.040       0.19729836285
     1.200     1.040       0.19661575556
     1.240     1.040       0.19281290472
     1.280     1.040       0.19198721647
     1.320     1.040       0.19677782059
     1.360     1.040       0.20136436820
     1.400     1.040       0.19971968234
     1.440     1.040       0.19443508983
     1.480     1.040       0.19376172125
     1.520     1.040       0.20122022927
     1.560     1.040       0.20748847723
     1.600     1.040       0.19496545196
     0.080     1.080       0.18570832908
     0.120     1.080       0.20530620217
     0.160     1.080       0.20281387866
     0.200     1.080       0.19521576166
     0.240     1.080       0.19478406012
     0.280     1.080       0.19864162803
     0.320     1.080       0.19957943261
     0.360     1.080       0.19692288339
     0.400     1.080       0.19449225068
     0.440     1.080       0.19400431216
     0.480     1.080       0.19354553521
     0.520     1.080       0.19159017503
     0.560     1.080       0.19147334993
     0.600     1.080       0.19817003608
     0.640     1.080       0.20886573195
     0.680     1.080       0.21360489726
     0.720     1.080       0.20767042041
     0.760     1.080       0.19660598040
     0.800     1.080       0.18846714497
     0.840     1.080       0.18523991108
     0.880     1.080       0.18399763107
     0.920     1.080       0.18522769213
     0.960     1.080       0.18988612294
     1.000     1.080       0.19291833043
     1.040     1.080       0.19272029400
     1.080     1.080       0.19341470301
     1.120     1.080       0.19600431621
     1.160     1.080       0.19781404734
     1.200     1.080       0.19618123770
     1.240     1.080       0.19244781137
     1.280     1.080       0.19197222590
     1.320     1.080       0.19645254314
     1.360     1.080       0.20035699010
     1.400     1.080       0.19857247174
     1.440     1.080       0.19390746951
     1.480     1.080       0.19406397641
     1.520     1.080       0.20187799633
     1.560     1.080       0.20783622563
     1.600     1.080       0.19479812682
     0.080     1.120       0.19054527581
     0.120     1.120       0.20757792890
     0.160     1.120       0.20295839012
     0.200     1.120       0.19508808851
     0.240     1.120       0.19500440359
     0.280     1.120       0.19872687757
     0.320     1.120       0.19962738454
     0.360     1.120       0.19767662883
     0.400     1.120       0.19585555792
     0.440     1.120       0.19490472972
     0.480     1.120       0.19443254173
     0.520     1.120       0.19623161852
     0.560     1.120       0.20356813073
     0.600     1.120       0.21454982460
     0.640     1.120       0.21904279292
     0.680     1.120       0.21170558035
     0.720     1.120       0.20242166519
     0.760     1.120       0.20028521121
     0.800     1.120       0.20042237639
     0.840     1.120       0.19590082765
     0.880     1.120       0.18713840842
     0.920     1.120       0.18233838677
     0.960     1.120       0.18667888641
     1.000     1.120       0.19196560979
     1.040     1.120       0.19215042889
     1.080     1.120       0.19113071263
     1.120     1.120       0.19194772840
     1.160     1.120       0.19341057539
     1.200     1.120       0.19324003160
     1.240     1.120       0.19178967178
     1.280     1.120       0.19227300584
     1.320     1.120       0.19563278556
     1.360     1.120       0.19830901921
     1.400     1.120       0.19714218378
     1.440     1.120       0.19421148300
     1.480     1.120       0.19522297382
     1.520     1.120       0.20246836543
     1.560     1.120       0.20747956634
     1.600     1.120       0.19407145679
     0.080     1.160       0.19154307246
     0.120     1.160       0.20679840446
     0.160     1.160       0.20156066120
     0.200     1.160       0.19455663860
     0.240     1.160       0.19531913102
     0.280     1.160       0.19911442697
     0.320     1.160       0.20034822822
     0.360     1.160       0.20003744960
     0.400     1.160       0.20036843419
     0.440     1.160       0.20036917925
     0.480     1.160       0.19953499734
     0.520     1.160       0.20141227543
     0.560     1.160       0.20897030830
     0.600     1.160       0.21447013319
     0.640     1.160       0.20203353465
     0.680     1.160       0.17477664351
     0.720     1.160       0.16179926693
     0.760     1.160       0.17251503468
     0.800     1.160       0.18223460019
     0.840     1.160       0.17813037336
     0.880     1.160       0.17071430385
     0.920     1.160       0.17225535214
     0.960     1.160       0.18302348256
     1.000     1.160       0.19078032672
     1.040     1.160       0.18957313895
     1.080     1.160       0.18582838774
     1.120     1.160       0.18582385778
     1.160     1.160       0.18951058388
     1.200     1.160       0.19306410849
     1.240     1.160       0.19426660240
     1.280     1.160       0.19462175667
     1.320     1.160       0.19602254033
     1.360     1.160       0.19770991802
     1.400     1.160       0.19767463207
     1.440     1.160       0.19613432884
     1.480     1.160       0.19684940577
     1.520     1.160       0.20266920328
     1.560     1.160       0.20687495172
     1.600     1.160       0.19371506572
     0.080     1.200       0.18839186430
     0.120     1.200       0.20335060358
     0.160     1.200       0.19972909987
     0.200     1.200       0.19490234554
     0.240     1.200       0.19664546847
     0.280     1.200       0.20002657175
     0.320     1.200       0.20098464191
     0.360     1.200       0.20185393095
     0.400     1.200       0.20416514575
     0.440     1.200       0.20469149947
     0.480     1.200       0.20128218830
     0.520     1.200       0.19794970751
     0.560     1.200       0.19946016371
     0.600     1.200       0.19878003001
     0.640     1.200       0.17942117155
     0.680     1.200       0.14748847485
     0.720     1.200       0.13757482171
     0.760     1.200       0.15506507456
     0.800     1.200       0.16601377726
     0.840     1.200       0.16071961820
     0.880     1.200       0.15910291672
     0.920     1.200       0.17130197585
     0.960     1.200       0.18807822466
     1.000     1.200       0.19560824335
     1.040     1.200       0.19210293889
     1.080     1.200       0.18692566454
     1.120     1.200       0.18769474328
     1.160     1.200       0.19372658432
     1.200     1.200       0.19907650352
     1.240     1.200       0.19996157289
     1.280     1.200       0.19823831320
     1.320     1.200       0.19773906469
     1.360     1.200       0.19917897880
     1.400     1.200       0.19987510145
     1.440     1.200       0.19816277921
     1.480     1.200       0.19739262760
     1.520     1.200       0.20204034448
     1.560     1.200       0.20653775334
     1.600     1.200       0.19436261058
     0.080     1.240       0.18640945852
     0.120     1.240       0.20212577283
     0.160     1.240       0.20059216022
     0.200     1.240       0.19739302993
     0.240     1.240       0.19903670251
     0.280     1.240       0.20098610222
     0.320     1.240       0.20054334402
     0.360     1.240       0.20094864070
     0.400     1.240       0.20327149332
     0.440     1.240       0.20287637413
     0.480     1.240       0.19635139406
     0.520     1.240       0.18767832220
     0.560     1.240       0.18454536796
     0.600     1.240       0.18671765924
     0.640     1.240       0.18309547007
     0.680     1.240       0.17346064746
     0.720     1.240       0.17613138258
     0.760     1.240       0.19121457636
     0.800     1.240       0.19569836557
     0.840     1.240       0.18745471537
     0.880     1.240       0.18511828780
     0.920     1.240       0.19458504021
     0.960     1.240       0.20483316481
     1.000     1.240       0.20595844090
     1.040     1.240       0.19990181923
     1.080     1.240       0.19528861344
     1.120     1.240       0.19709268212
     1.160     1.240       0.20267516375
     1.200     1.240       0.20578153431
     1.240     1.240       0.20373806357
     1.280     1.240       0.19988808036
     1.320     1.240       0.19882330298
     1.360     1.240       0.20066526532
     1.400     1.240       0.20131836832
     1.440     1.240       0.19849552214
     1.480     1.240       0.19652666152
     1.520     1.240       0.20118884742
     1.560     1.240       0.20675076544
     1.600     1.240       0.19543769956
     0.080     1.280       0.18947176635
     0.120     1.280       0.20532663167
     0.160     1.280       0.20375435054
     0.200     1.280       0.19998291135
     0.240     1.280       0.20040954649
     0.280     1.280       0.20091407001
     0.320     1.280       0.19910642505
     0.360     1.280       0.19813801348
     0.400     1.280       0.19912372530
     0.440     1.280       0.19795814157
     0.480     1.280       0.19159559906
     0.520     1.280       0.18328584731
     0.560     1.280       0.18072213233
     0.600     1.280       0.18842428923
     0.640     1.280       0.20139902830
     0.680     1.280       0.21306583285
     0.720     1.280       0.22395424545
     0.760     1.280       0.23180440068
     0.800     1.280       0.22952423990
     0.840     1.280       0.22030019760
     0.880     1.280       0.21474491060
     0.920     1.280       0.21483209729
     0.960     1.280       0.21407830715
     1.000     1.280       0.20890398324
     1.040     1.280       0.20272494853
     1.080     1.280       0.20055407286
     1.120     1.280       0.20315240324
     1.160     1.280       0.20657767355
     1.200     1.280       0.20635344088
     1.240     1.280       0.20219290257
     1.280     1.280       0.19825898111
     1.320     1.280       0.19819949567
     1.360     1.280       0.20073154569
     1.400     1.280       0.20119322836
     1.440     1.280       0.19784690440
     1.480     1.280       0.19594459236
     1.520     1.280       0.20128621161
     1.560     1.280       0.20719601214
     1.600     1.280       0.19553251565
     0.080     1.320       0.19484467804
     0.120     1.320       0.20901788771
     0.160     1.320       0.20497250557
     0.200     1.320       0.19940923154
     0.240     1.320       0.19926594198
     0.280     1.320       0.20008276403
     0.320     1.320       0.19845587015
     0.360     1.320       0.19685830176
     0.400     1.320       0.19715611637
     0.440     1.320       0.19707815349
     0.480     1.320       0.19458697736
     0.520     1.320       0.19116033614
     0.560     1.320       0.19084344804
     0.600     1.320       0.19715979695
     0.640     1.320       0.20855619013
     0.680     1.320       0.21921345592
     0.720     1.320       0.22491630912
     0.760     1.320       0.22453545034
     0.800     1.320       0.21929165721
     0.840     1.320       0.21327140927
     0.880     1.320       0.20992885530
     0.920     1.320       0.20798255503
     0.960     1.320       0.20443688333
     1.000     1.320       0.19967508316
     1.040     1.320       0.19694638252
     1.080     1.320       0.19802962244
     1.120     1.320       0.20119638741
     1.160     1.320       0.20297516882
     1.200     1.320       0.20134207606
     1.240     1.320       0.19773073494
     1.280     1.320       0.19576127827
     1.320     1.320       0.19736672938
     1.360     1.320       0.20040802658
     1.400     1.320       0.20081853867
     1.440     1.320       0.19775032997
     1.480     1.320       0.19658027589
     1.520     1.320       0.20223027468
     1.560     1.320       0.20723205805
     1.600     1.320       0.19420330226
     0.080     1.360       0.19772294164
     0.120     1.360       0.20915988088
     0.160     1.360       0.20246654749
     0.200     1.360       0.19621218741
     0.240     1.360       0.19741798937
     0.280     1.360       0.20034213364
     0.320     1.360       0.20010374486
     0.360     1.360       0.19872833788
     0.400     1.360       0.19925910234
     0.440     1.360       0.20109012723
     0.480     1.360       0.20230244100
     0.520     1.360       0.20231074095
     0.560     1.360       0.20168930292
     0.600     1.360       0.20154757798
     0.640     1.360       0.20192277431
     0.680     1.360       0.20112003386
     0.720     1.360       0.19783534110
     0.760     1.360       0.19304944575
     0.800     1.360       0.18941113353
     0.840     1.360       0.18889364600
     0.880     1.360       0.19079339504
     0.920     1.360       0.19239760935
     0.960     1.360       0.19214281440
     1.000     1.360       0.19137282670
     1.040     1.360       0.19221384823
     1.080     1.360       0.19472238421
     1.120     1.360       0.19702571630
     1.160     1.360       0.19744552672
     1.200     1.360       0.19601872563
     1.240     1.360       0.19455589354
     1.280     1.360       0.19515126944
     1.320     1.360       0.19801880419
     1.360     1.360       0.20087441802
     1.400     1.360       0.20077086985
     1.440     1.360       0.19769379497
     1.480     1.360       0.19686155021
     1.520     1.360       0.20243357122
     1.560     1.360       0.20661598444
     1.600     1.360       0.19273690879
     0.080     1.400       0.19746020436
     0.120     1.400       0.20695191622
     0.160     1.400       0.19934736192
     0.200     1.400       0.19409972429
     0.240     1.400       0.19749413431
     0.280     1.400       0.20232124627
     0.320     1.400       0.20281709731
     0.360     1.400       0.20120832324
     0.400     1.400       0.20161232352
     0.440     1.400       0.20413291454
     0.480     1.400       0.20627860725
     0.520     1.400       0.20624768734
     0.560     1.400       0.20377248526
     0.600     1.400       0.19960162044
     0.640     1.400       0.19456470013
     0.680     1.400       0.18921355903
     0.720     1.400       0.18445098400
     0.760     1.400       0.18179915845
     0.800     1.400       0.18234951794
     0.840     1.400       0.18551577628
     0.880     1.400       0.18926896155
     0.920     1.400       0.19175727665
     0.960     1.400       0.19283427298
     1.000     1.400       0.19381593168
     1.040     1.400       0.19538028538
     1.080     1.400       0.19655756652
     1.120     1.400       0.19626402855
     1.160     1.400       0.19483716786
     1.200     1.400       0.19365808368
     1.240     1.400       0.19405370951
     1.280     1.400       0.19643726945
     1.320     1.400       0.19977396727
     1.360     1.400       0.20183558762
     1.400     1.400       0.20053166151
     1.440     1.400       0.19658346474
     1.480     1.400       0.19541500509
     1.520     1.400       0.20121379197
     1.560     1.400       0.20609951019
     1.600     1.400       0.19301566482
     0.080     1.440       0.19672071934
     0.120     1.440       0.20597179234
     0.160     1.440       0.19900597632
     0.200     1.440       0.19506524503
     0.240     1.440       0.19954513013
     0.280     1.440       0.20454108715
     0.320     1.440       0.20437714458
     0.360     1.440       0.20181371272
     0.400     1.440       0.20139931142
     0.440     1.440       0.20329864323
     0.480     1.440       0.20475073159
     0.520     1.440       0.20389078557
     0.560     1.440       0.20106112957
     0.600     1.440       0.19780781865
     0.640     1.440       0.19520494342
     0.680     1.440       0.19352112710
     0.720     1.440       0.19319114089
     0.760     1.440       0.19475378096
     0.800     1.440       0.19775530696
     0.840     1.440       0.20058342814
     0.880     1.440       0.20172441006
     0.920     1.440       0.20108285546
     0.960     1.440       0.20010748506
     1.000     1.440       0.20028892159
     1.040     1.440       0.20118199289
     1.080     1.440       0.20077343285
     1.120     1.440       0.19827239215
     1.160     1.440       0.19528894126
     1.200     1.440       0.19393451512
     1.240     1.440       0.19499728084
     1.280     1.440       0.19795078039
     1.320     1.440       0.20130279660
     1.360     1.440       0.20282970369
     1.400     1.440       0.20061343908
     1.440     1.440       0.19568361342
     1.480     1.440       0.19395793974
     1.520     1.440       0.20032626390
     1.560     1.440       0.20706471801
     1.600     1.440       0.19581395388
     0.080     1.480       0.19656899571
     0.120     1.480       0.20686422288
     0.160     1.480       0.20111037791
     0.200     1.480       0.19772416353
     0.240     1.480       0.20169404149
     0.280     1.480       0.20554380119
     0.320     1.480       0.20446974039
     0.360     1.480       0.20157143474
     0.400     1.480       0.20080867410
     0.440     1.480       0.20185689628
     0.480     1.480       0.20241445303
     0.520     1.480       0.20148161054
     0.560     1.480       0.19987097383
     0.600     1.480       0.19926027954
     0.640     1.480       0.20034638047
     0.680     1.480       0.20233263075
     0.720     1.480       0.20452244580
     0.760     1.480       0.20684657991
     0.800     1.480       0.20881259441
     0.840     1.480       0.20930039883
     0.880     1.480       0.20763041079
     0.920     1.480       0.20449551940
     0.960     1.480       0.20190916955
     1.000     1.480       0.20156572759
     1.040     1.480       0.20268689096
     1.080     1.480       0.20255903900
     1.120     1.480       0.19998368621
     1.160     1.480       0.19678905606
     1.200     1.480       0.19527830184
     1.240     1.480       0.19602437317
     1.280     1.480       0.19849154353
     1.320     1.480       0.20171952248
     1.360     1.480       0.20370250940
     1.400     1.480       0.20202298462
     1.440     1.480       0.19712546468
     1.480     1.480       0.19499750435
     1.520     1.480       0.20145720243
     1.560     1.480       0.20940433443
     1.600     1.480       0.19940972328
     0.080     1.520       0.19565044343
     0.120     1.520       0.20741820335
     0.160     1.520       0.20290583372
     0.200     1.520       0.19939596951
     0.240     1.520       0.20200233161
     0.280     1.520       0.20455364883
     0.320     1.520       0.20355790854
     0.360     1.520       0.20197913051
     0.400     1.520       0.20211489499
     0.440     1.520       0.20260119438
     0.480     1.520       0.20213031769
     0.520     1.520       0.20110163093
     0.560     1.520       0.20035348833
     0.600     1.520       0.20086477697
     0.640     1.520       0.20279884338
     0.680     1.520       0.20464932919
     0.720     1.520       0.20523022115
     0.760     1.520       0.20498019457
     0.800     1.520       0.20452041924
     0.840     1.520       0.20371302962
     0.880     1.520       0.20213741064
     0.920     1.520       0.19989222288
     0.960     1.520       0.19814774394
     1.000     1.520       0.19838531315
     1.040     1.520       0.20026996732
     1.080     1.520       0.20134988427
     1.120     1.520       0.20006820560
     1.160     1.520       0.19775076210
     1.200     1.520       0.19636596739
     1.240     1.520       0.19631092250
     1.280     1.520       0.19753900170
     1.320     1.520       0.20030643046
     1.360     1.520       0.20334228873
     1.400     1.520       0.20348262787
     1.440     1.520       0.19973033667
     1.480     1.520       0.19738140702
     1.520     1.520       0.20288844407
     1.560     1.520       0.21018992364
     1.600     1.520       0.19998595119
     0.080     1.560       0.19375611842
     0.120     1.560       0.20672321320
     0.160     1.560       0.20305646956
     0.200     1.560       0.19890233874
     0.240     1.560       0.19988533854
     0.280     1.560       0.20151141286
     0.320     1.560       0.20148541033
     0.360     1.560       0.20206087828
     0.400     1.560       0.20350955427
     0.440     1.560       0.20362108946
     0.480     1.560       0.20234008133
     0.520     1.560       0.20113782585
     0.560     1.560       0.20031686127
     0.600     1.560       0.20016355813
     0.640     1.560       0.20094496012
     0.680     1.560       0.20120272040
     0.720     1.560       0.19957429171
     0.760     1.560       0.19702410698
     0.800     1.560       0.19526566565
     0.840     1.560       0.19489566982
     0.880     1.560       0.19537332654
     0.920     1.560       0.19576922059
     0.960     1.560       0.19584968686
     1.000     1.560       0.19648012519
     1.040     1.560       0.19810517132
     1.080     1.560       0.19941201806
     1.120     1.560       0.19906122983
     1.160     1.560       0.19770838320
     1.200     1.560       0.19657374918
     1.240     1.560       0.19565612078
     1.280     1.560       0.19531284273
     1.320     1.560       0.19706800580
     1.360     1.560       0.20064723492
     1.400     1.560       0.20241197944
     1.440     1.560       0.19994179904
     1.480     1.560       0.19752663374
     1.520     1.560       0.20159094036
     1.560     1.560       0.20687280595
     1.600     1.560       0.19534519315
     0.080     1.600       0.19323171675
     0.120     1.600       0.20673690736
     0.160     1.600       0.20302939415
     0.200     1.600       0.19779384136
     0.240     1.600       0.19735293090
     0.280     1.600       0.19860698283
     0.320     1.600       0.19970063865
     0.360     1.600       0.20162558556
     0.400     1.600       0.20320536196
     0.440     1.600       0.20267324150
     0.480     1.600       0.20146231353
     0.520     1.600       0.20100985467
     0.560     1.600       0.20018963516
     0.600     1.600       0.19890482724
     0.640     1.600       0.19854134321
     0.680     1.600       0.19839948416
     0.720     1.600       0.19677029550
     0.760     1.600       0.19424286485
     0.800     1.600       0.19273819029
     0.840     1.600       0.19323968887
     0.880     1.600       0.19526486099
     0.920     1.600       0.19735638797
     0.960     1.600       0.19826127589
     1.000     1.600       0.19822539389
     1.040     1.600       0.19835528731
     1.080     1.600       0.19869635999
     1.120     1.600       0.19847328961
     1.160     1.600       0.19771613181
     1.200     1.600       0.19678446651
     1.240     1.600       0.19526697695
     1.280     1.600       0.19368004799
     1.320     1.600       0.19427525997
     1.360     1.600       0.19745749235
     1.400     1.600       0.19956535101
     1.440     1.600       0.19761614501
     1.480     1.600       0.19537046552
     1.520     1.600       0.19864320755
     1.560     1.600       0.20201313496
     1.600     1.600       0.18878504634
     0.080     1.640       0.19544225931
     0.120     1.640       0.20879909396
     0.160     1.640       0.20435963571
     0.200     1.640       0.19835481048
     0.240     1.640       0.19764015079
     0.280     1.640       0.19955188036
     0.320     1.640       0.20167322457
     0.360     1.640       0.20345504582
     0.400     1.640       0.20331533253
     0.440     1.640       0.20134817064
     0.480     1.640       0.20069810748
     0.520     1.640       0.20183032751
     0.560     1.640       0.20154580474
     0.600     1.640       0.19958031178
     0.640     1.640       0.19888043404
     0.680     1.640       0.19973036647
     0.720     1.640       0.19983577728
     0.760     1.640       0.19864767790
     0.800     1.640       0.19764709473
     0.840     1.640       0.19808182120
     0.880     1.640       0.19996844232
     0.920     1.640       0.20200482011
     0.960     1.640       0.20251674950
     1.000     1.640       0.20136418939
     1.040     1.640       0.20006300509
     1.080     1.640       0.19961935282
     1.120     1.640       0.19955018163
     1.160     1.640       0.19925625622
     1.200     1.640       0.19846595824
     1.240     1.640       0.19671584666
     1.280     1.640       0.19473508000
     1.320     1.640       0.19489087164
     1.360     1.640       0.19754315913
     1.400     1.640       0.19903472066
     1.440     1.640       0.19673129916
     1.480     1.640       0.19471631944
     1.520     1.640       0.19827640057
     1.560     1.640       0.20094962418
     1.600     1.640       0.18619978428
     0.080     1.680       0.19750526547
     0.120     1.680       0.21027806401
     0.160     1.680       0.20526769757
     0.200     1.680       0.19969928265
     0.240     1.680       0.20050267875
     0.280     1.680       0.20432803035
     0.320     1.680       0.20744676888
     0.360     1.680       0.20808723569
     0.400     1.680       0.20520372689
     0.440     1.680       0.20129421353
     0.480     1.680       0.20093040168
     0.520     1.680       0.20329718292
     0.560     1.680       0.20341685414
     0.600     1.680       0.20113171637
     0.640     1.680       0.20067045093
     0.680     1.680       0.20289841294
     0.720     1.680       0.20475316048
     0.760     1.680       0.20441174507
     0.800     1.680       0.20286256075
     0.840     1.680       0.20191958547
     0.880     1.680       0.20248718560
     0.920     1.680       0.20369133353
     0.960     1.680       0.20368151367
     1.000     1.680       0.20208700001
     1.040     1.680       0.20060549676
     1.080     1.680       0.20057730377
     1.120     1.680       0.20128038526
     1.160     1.680       0.20146143436
     1.200     1.680       0.20062835515
     1.240     1.680       0.19883082807
     1.280     1.680       0.19727410376
     1.320     1.680       0.19807246327
     1.360     1.680       0.20086950064
     1.400     1.680       0.20159836113
     1.440     1.680       0.19823285937
     1.480     1.680       0.19602559507
     1.520     1.680       0.20040433109
     1.560     1.680       0.20356655121
     1.600     1.680       0.18787369132
     0.080     1.720       0.19558553398
     0.120     1.720       0.20782445371
     0.160     1.720       0.20267961919
     0.200     1.720       0.19794823229
     0.240     1.720       0.20081758499
     0.280     1.720       0.20681884885
     0.320     1.720       0.21061691642
     0.360     1.720       0.20993179083
     0.400     1.720       0.20506738126
     0.440     1.720       0.20035502315
     0.480     1.720       0.20052841306
     0.520     1.720       0.20336164534
     0.560     1.720       0.20308777690
     0.600     1.720       0.20018821955
     0.640     1.720       0.19980265200
     0.680     1.720       0.20295977592
     0.720     1.720       0.20579704642
     0.760     1.720       0.20540219545
     0.800     1.720       0.20248514414
     0.840     1.720       0.19973646104
     0.880     1.720       0.19909441471
     0.920     1.720       0.19994367659
     0.960     1.720       0.20008178055
     1.000     1.720       0.19890227914
     1.040     1.720       0.19822266698
     1.080     1.720       0.19932177663
     1.120     1.720       0.20093853772
     1.160     1.720       0.20125792921
     1.200     1.720       0.19997584820
     1.240     1.720       0.19800907373
     1.280     1.720       0.19716326892
     1.320     1.720       0.19910055399
     1.360     1.720       0.20232734084
     1.400     1.720       0.20211645961
     1.440     1.720       0.19722984731
     1.480     1.720       0.19464682043
     1.520     1.720       0.20009317994
     1.560     1.720       0.20394341648
     1.600     1.720       0.18762087822
     0.080     1.760       0.19155097008
     0.120     1.760       0.20451521873
     0.160     1.760       0.19906425476
     0.200     1.760       0.19309093058
     0.240     1.760       0.19568002224
     0.280     1.760       0.20220711827
     0.320     1.760       0.20581796765
     0.360     1.760       0.20433476567
     0.400     1.760       0.19981603324
     0.440     1.760       0.19712838531
     0.480     1.760       0.19924782217
     0.520     1.760       0.20233981311
     0.560     1.760       0.20098669827
     0.600     1.760       0.19684831798
     0.640     1.760       0.19576130807
     0.680     1.760       0.19892217219
     0.720     1.760       0.20211787522
     0.760     1.760       0.20165605843
     0.800     1.760       0.19800782204
     0.840     1.760       0.19458656013
     0.880     1.760       0.19406139851
     0.920     1.760       0.19561801851
     0.960     1.760       0.19636654854
     1.000     1.760       0.19549700618
     1.040     1.760       0.19516228139
     1.080     1.760       0.19672760367
     1.120     1.760       0.19854474068
     1.160     1.760       0.19844676554
     1.200     1.760       0.19642181695
     1.240     1.760       0.19413404167
     1.280     1.760       0.19376519322
     1.320     1.760       0.19638586044
     1.360     1.760       0.19937141240
     1.400     1.760       0.19773058593
     1.440     1.760       0.19176690280
     1.480     1.760       0.19027368724
     1.520     1.760       0.19789288938
     1.560     1.760       0.20154412091
     1.600     1.760       0.18307530880
     0.080     1.800       0.19210709631
     0.120     1.800       0.20869292319
     0.160     1.800       0.20274375379
     0.200     1.800       0.19260364771
     0.240     1.800       0.19156147540
     0.280     1.800       0.19632099569
     0.320     1.800       0.19895111024
     0.360     1.800       0.19746479392
     0.400     1.800       0.19529296458
     0.440     1.800       0.19647145271
     0.480     1.800       0.20108118653
     0.520     1.800       0.20418286324
     0.560     1.800       0.20175997913
     0.600     1.800       0.19661052525
     0.640     1.800       0.19458067417
     0.680     1.800       0.19700726867
     0.720     1.800       0.20001889765
     0.760     1.800       0.19987639785
     0.800     1.800       0.19687178731
     0.840     1.800       0.19456824660
     0.880     1.800       0.19563093781
     0.920     1.800       0.19856622815
     0.960     1.800       0.19969807565
     1.000     1.800       0.19819127023
     1.040     1.800       0.19683222473
     1.080     1.800       0.19757534564
     1.120     1.800       0.19887943566
     1.160     1.800       0.19838495553
     1.200     1.800       0.19595575333
     1.240     1.800       0.19346621633
     1.280     1.800       0.19322562218
     1.320     1.800       0.19578573108
     1.360     1.800       0.19782958925
     1.400     1.800       0.19488635659
     1.440     1.800       0.18940716982
     1.480     1.800       0.19155842066
     1.520     1.800       0.20310470462
     1.560     1.800       0.20539095998
     1.600     1.800       0.18121883273
     0.080     1.840       0.19772590697
     0.120     1.840       0.21971762180
     0.160     1.840       0.21408899128
     0.200     1.840       0.20075620711
     0.240     1.840       0.19684027135
     0.280     1.840       0.20014156401
     0.320     1.840       0.20206335187
     0.360     1.840       0.20080304146
     0.400     1.840       0.20033916831
     0.440     1.840       0.20331734419
     0.480     1.840       0.20777407289
     0.520     1.840       0.20940041542
     0.560     1.840       0.20642228425
     0.600     1.840       0.20191892982
     0.640     1.840       0.20023822784
     0.680     1.840       0.20207642019
     0.720     1.840       0.20438463986
     0.760     1.840       0.20430986583
     0.800     1.840       0.20233243704
     0.840     1.840       0.20166981220
     0.880     1.840       0.20434910059
     0.920     1.840       0.20818220079
     0.960     1.840       0.20911978185
     1.000     1.840       0.20646902919
     1.040     1.840       0.20361272991
     1.080     1.840       0.20324054360
     1.120     1.840       0.20428182185
     1.160     1.840       0.20418605208
     1.200     1.840       0.20217302442
     1.240     1.840       0.19981889427
     1.280     1.840       0.19958893955
     1.320     1.840       0.20201131701
     1.360     1.840       0.20354224741
     1.400     1.840       0.20019610226
     1.440     1.840       0.19587732852
     1.480     1.840       0.20150958002
     1.520     1.840       0.21663661301
     1.560     1.840       0.21769601107
     1.600     1.840       0.18660546839
     0.080     1.880       0.19706775248
     0.120     1.880       0.21940886974
     0.160     1.880       0.21501328051
     0.200     1.880       0.20536850393
     0.240     1.880       0.20506711304
     0.280     1.880       0.21046623588
     0.320     1.880       0.21296568215
     0.360     1.880       0.21140259504
     0.400     1.880       0.20984628797
     0.440     1.880       0.21005539596
     0.480     1.880       0.21011878550
     0.520     1.880       0.20820593834
     0.560     1.880       0.20496654510
     0.600     1.880       0.20272788405
     0.640     1.880       0.20302428305
     0.680     1.880       0.20504871011
     0.720     1.880       0.20649577677
     0.760     1.880       0.20587921143
     0.800     1.880       0.20414546132
     0.840     1.880       0.20399394631
     0.880     1.880       0.20676581562
     0.920     1.880       0.21016554534
     0.960     1.880       0.21052265167
     1.000     1.880       0.20740094781
     1.040     1.880       0.20418128371
     1.080     1.880       0.20373241603
     1.120     1.880       0.20534713566
     1.160     1.880       0.20634843409
     1.200     1.880       0.20524924994
     1.240     1.880       0.20325461030
     1.280     1.880       0.20320658386
     1.320     1.880       0.20605449378
     1.360     1.880       0.20814925432
     1.400     1.880       0.20504803956
     1.440     1.880       0.20005999506
     1.480     1.880       0.20391796529
     1.520     1.880       0.21749223769
     1.560     1.880       0.21974119544
     1.600     1.880       0.18988235295
     0.080     1.920       0.17361545563
     0.120     1.920       0.19012793899
     0.160     1.920       0.18882399797
     0.200     1.920       0.18888461590
     0.240     1.920       0.19648362696
     0.280     1.920       0.20577585697
     0.320     1.920       0.20946688950
     0.360     1.920       0.20737166703
     0.400     1.920       0.20328062773
     0.440     1.920       0.19877794385
     0.480     1.920       0.19334392250
     0.520     1.920       0.18775162101
     0.560     1.920       0.18419957161
     0.600     1.920       0.18392023444
     0.640     1.920       0.18602728844
     0.680     1.920       0.18840157986
     0.720     1.920       0.18922662735
     0.760     1.920       0.18804889917
     0.800     1.920       0.18609084189
     0.840     1.920       0.18544724584
     0.880     1.920       0.18701413274
     0.920     1.920       0.18905484676
     0.960     1.920       0.18891134858
     1.000     1.920       0.18638962507
     1.040     1.920       0.18415275216
     1.080     1.920       0.18447372317
     1.120     1.920       0.18677568436
     1.160     1.920       0.18861328065
     1.200     1.920       0.18831294775
     1.240     1.920       0.18681697547
     1.280     1.920       0.18702743948
     1.320     1.920       0.19021616876
     1.360     1.920       0.19300082326
     1.400     1.920       0.19043070078
     1.440     1.920       0.18377739191
     1.480     1.920       0.18171666563
     1.520     1.920       0.18779096007
     1.560     1.920       0.19094325602
     1.600     1.920       0.17135651410
