     0.080     0.080       0.18581601977
     0.120     0.080       0.19358988106
     0.160     0.080       0.18563045561
     0.200     0.080       0.17860442400
     0.240     0.080       0.17798633873
     0.280     0.080       0.18163898587
     0.320     0.080       0.18422925472
     0.360     0.080       0.18581837416
     0.400     0.080       0.18733485043
     0.440     0.080       0.18671052158
     0.480     0.080       0.18389180303
     0.520     0.080       0.18070389330
     0.560     0.080       0.18006871641
     0.600     0.080       0.18267565966
     0.640     0.080       0.18669363856
     0.680     0.080       0.18937224150
     0.720     0.080       0.18790490925
     0.760     0.080       0.18455946445
     0.800     0.080       0.18147334456
     0.840     0.080       0.18079556525
     0.880     0.080       0.18218600750
     0.920     0.080       0.18552981317
     0.960     0.080       0.18962019682
     1.000     0.080       0.19145081937
     1.040     0.080       0.18887038529
     1.080     0.080       0.18371534348
     1.120     0.080       0.17901897430
     1.160     0.080       0.17705069482
     1.200     0.080       0.18091948330
     1.240     0.080       0.18707659841
     1.280     0.080       0.18789987266
     1.320     0.080       0.18389050663
     1.360     0.080       0.18353037536
     1.400     0.080       0.18671916425
     1.440     0.080       0.18088279665
     1.480     0.080       0.16943320632
     1.520     0.080       0.16971704364
     1.560     0.080       0.17879207432
     1.600     0.080       0.17574135959
     0.080     0.120       0.19296362996
     0.120     0.120       0.21362328529
     0.160     0.120       0.21731750667
     0.200     0.120       0.21492047608
     0.240     0.120       0.21759967506
     0.280     0.120       0.22212114930
     0.320     0.120       0.21767340600
     0.360     0.120       0.20864082873
     0.400     0.120       0.20511721075
     0.440     0.120       0.20921997726
     0.480     0.120       0.21486552060
     0.520     0.120       0.21701407433
     0.560     0.120       0.21536457539
     0.600     0.120       0.21388681233
     0.640     0.120       0.21230515838
     0.680     0.120       0.21129401028
     0.720     0.120       0.21141505241
     0.760     0.120       0.21432605386
     0.800     0.120       0.21843861043
     0.840     0.120       0.22077198327
     0.880     0.120       0.21915009618
     0.920     0.120       0.21419055760
     0.960     0.120       0.20995602012
     1.000     0.120       0.20921525359
     1.040     0.120       0.21269303560
     1.080     0.120       0.21663692594
     1.120     0.120       0.22057622671
     1.160     0.120       0.22470244765
     1.200     0.120       0.22409923375
     1.240     0.120       0.21484735608
     1.280     0.120       0.20058742166
     1.320     0.120       0.19795946777
     1.360     0.120       0.21573500335
     1.400     0.120       0.23498454690
     1.440     0.120       0.22622400522
     1.480     0.120       0.20239852369
     1.520     0.120       0.19933289289
     1.560     0.120       0.20907537639
     1.600     0.120       0.20119740069
     0.080     0.160       0.18526394665
     0.120     0.160       0.21686343849
     0.160     0.160       0.22277925909
     0.200     0.160       0.21220888197
     0.240     0.160       0.21261937916
     0.280     0.160       0.22245906293
     0.320     0.160       0.21876823902
     0.360     0.160       0.20466598868
     0.400     0.160       0.20016054809
     0.440     0.160       0.20919765532
     0.480     0.160       0.21892176569
     0.520     0.160       0.22128804028
     0.560     0.160       0.21840474010
     0.600     0.160       0.21504795551
     0.640     0.160       0.21091789007
     0.680     0.160       0.20742860436
     0.720     0.160       0.20863208175
     0.760     0.160       0.21371799707
     0.800     0.160       0.21938639879
     0.840     0.160       0.22177584469
     0.880     0.160       0.21910445392
     0.920     0.160       0.21168427169
     0.960     0.160       0.20298434794
     1.000     0.160       0.20135411620
     1.040     0.160       0.20875628293
     1.080     0.160       0.21415241063
     1.120     0.160       0.21640042961
     1.160     0.160       0.22424350679
     1.200     0.160       0.23002231121
     1.240     0.160       0.21671393514
     1.280     0.160       0.19240593910
     1.320     0.160       0.19056181610
     1.360     0.160       0.22085952759
     1.400     0.160       0.24437846243
     1.440     0.160       0.22315332294
     1.480     0.160       0.19100676477
     1.520     0.160       0.19709697366
     1.560     0.160       0.21430023015
     1.600     0.160       0.20343203843
     0.080     0.200       0.17778806388
     0.120     0.200       0.21299034357
     0.160     0.200       0.21037784219
     0.200     0.200       0.17977109551
     0.240     0.200       0.17358523607
     0.280     0.200       0.19177335501
     0.320     0.200       0.19647698104
     0.360     0.200       0.18679749966
     0.400     0.200       0.18485921621
     0.440     0.200       0.19462111592
     0.480     0.200       0.19988857210
     0.520     0.200       0.19438862801
     0.560     0.200       0.19009552896
     0.600     0.200       0.19268967211
     0.640     0.200       0.19403991103
     0.680     0.200       0.19123496115
     0.720     0.200       0.19000075758
     0.760     0.200       0.19023075700
     0.800     0.200       0.18856097758
     0.840     0.200       0.18732605875
     0.880     0.200       0.18914182484
     0.920     0.200       0.18822446465
     0.960     0.200       0.18404345214
     1.000     0.200       0.18616227806
     1.040     0.200       0.19212919474
     1.080     0.200       0.18892797828
     1.120     0.200       0.17583632469
     1.160     0.200       0.17972546816
     1.200     0.200       0.20104166865
     1.240     0.200       0.20079457760
     1.280     0.200       0.18021707237
     1.320     0.200       0.17944213748
     1.360     0.200       0.20629143715
     1.400     0.200       0.21703982353
     1.440     0.200       0.18689064682
     1.480     0.200       0.16574060917
     1.520     0.200       0.19101676345
     1.560     0.200       0.21093280613
     1.600     0.200       0.19256933033
     0.080     0.240       0.17720825970
     0.120     0.240       0.21401524544
     0.160     0.240       0.20818418264
     0.200     0.240       0.17323151231
     0.240     0.240       0.16960866749
     0.280     0.240       0.19194248319
     0.320     0.240       0.19715052843
     0.360     0.240       0.18667231500
     0.400     0.240       0.18405807018
     0.440     0.240       0.19168066978
     0.480     0.240       0.19254192710
     0.520     0.240       0.18274202943
     0.560     0.240       0.17958772182
     0.600     0.240       0.18662630022
     0.640     0.240       0.19235609472
     0.680     0.240       0.19160079956
     0.720     0.240       0.18953347206
     0.760     0.240       0.18603204191
     0.800     0.240       0.18079379201
     0.840     0.240       0.17883005738
     0.880     0.240       0.18446832895
     0.920     0.240       0.18877874315
     0.960     0.240       0.18808203936
     1.000     0.240       0.19084583223
     1.040     0.240       0.19760623574
     1.080     0.240       0.19221264124
     1.120     0.240       0.17283053696
     1.160     0.240       0.17061045766
     1.200     0.240       0.19297337532
     1.240     0.240       0.19780997932
     1.280     0.240       0.18218955398
     1.320     0.240       0.18174755573
     1.360     0.240       0.20207950473
     1.400     0.240       0.20162963867
     1.440     0.240       0.17538523674
     1.480     0.240       0.17734523118
     1.520     0.240       0.20984853804
     1.560     0.240       0.21565744281
     1.600     0.240       0.18323917687
     0.080     0.280       0.18016760051
     0.120     0.280       0.21758052707
     0.160     0.280       0.21859276295
     0.200     0.280       0.19713537395
     0.240     0.280       0.20035548508
     0.280     0.280       0.22054146230
     0.320     0.280       0.21876607835
     0.360     0.280       0.20232832432
     0.400     0.280       0.19647385180
     0.440     0.280       0.20444995165
     0.480     0.280       0.20751456916
     0.520     0.280       0.20257437229
     0.560     0.280       0.20012465119
     0.600     0.280       0.20386749506
     0.640     0.280       0.20668487251
     0.680     0.280       0.20499625802
     0.720     0.280       0.20433300734
     0.760     0.280       0.20624049008
     0.800     0.280       0.20660501719
     0.840     0.280       0.20821046829
     0.880     0.280       0.21153722703
     0.920     0.280       0.21011677384
     0.960     0.280       0.20432713628
     1.000     0.280       0.20466467738
     1.040     0.280       0.21265262365
     1.080     0.280       0.21582962573
     1.120     0.280       0.20920801163
     1.160     0.280       0.20801158249
     1.200     0.280       0.21511499584
     1.240     0.280       0.20899508893
     1.280     0.280       0.19273008406
     1.320     0.280       0.19453738630
     1.360     0.280       0.21422620118
     1.400     0.280       0.21345825493
     1.440     0.280       0.19219017029
     1.480     0.280       0.19895726442
     1.520     0.280       0.22338496149
     1.560     0.280       0.21827732027
     1.600     0.280       0.18073429167
     0.080     0.320       0.18243545294
     0.120     0.320       0.21307450533
     0.160     0.320       0.21697144210
     0.200     0.320       0.20497731864
     0.240     0.320       0.20968805254
     0.280     0.320       0.22298997641
     0.320     0.320       0.21779970825
     0.360     0.320       0.20287996531
     0.400     0.320       0.19792449474
     0.440     0.320       0.20612272620
     0.480     0.320       0.21234337986
     0.520     0.320       0.21171535552
     0.560     0.320       0.20975431800
     0.600     0.320       0.20963874459
     0.640     0.320       0.20826593041
     0.680     0.320       0.20587851107
     0.720     0.320       0.20638529956
     0.760     0.320       0.20989009738
     0.800     0.320       0.21468892694
     0.840     0.320       0.21754790843
     0.880     0.320       0.21656063199
     0.920     0.320       0.21071764827
     0.960     0.320       0.20284520090
     1.000     0.320       0.20098765194
     1.040     0.320       0.20719335973
     1.080     0.320       0.21413120627
     1.120     0.320       0.21668216586
     1.160     0.320       0.21768377721
     1.200     0.320       0.21709896624
     1.240     0.320       0.20657676458
     1.280     0.320       0.19452939928
     1.320     0.320       0.19837859273
     1.360     0.320       0.21606811881
     1.400     0.320       0.21742765605
     1.440     0.320       0.19932754338
     1.480     0.320       0.19731125236
     1.520     0.320       0.21369263530
     1.560     0.320       0.21145781875
     1.600     0.320       0.18316183984
     0.080     0.360       0.18371821940
     0.120     0.360       0.20529355109
     0.160     0.360       0.20278975368
     0.200     0.360       0.19108015299
     0.240     0.360       0.19167612493
     0.280     0.360       0.19939370453
     0.320     0.360       0.19777323306
     0.360     0.360       0.19049316645
     0.400     0.360       0.19056867063
     0.440     0.360       0.19625793397
     0.480     0.360       0.19991840422
     0.520     0.360       0.19864156842
     0.560     0.360       0.19797825813
     0.600     0.360       0.19891060889
     0.640     0.360       0.19936156273
     0.680     0.360       0.19673661888
     0.720     0.360       0.19455051422
     0.760     0.360       0.19421553612
     0.800     0.360       0.19624270499
     0.840     0.360       0.19765515625
     0.880     0.360       0.19694699347
     0.920     0.360       0.19352750480
     0.960     0.360       0.19084382057
     1.000     0.360       0.19151352346
     1.040     0.360       0.19308528304
     1.080     0.360       0.19335447252
     1.120     0.360       0.19301871955
     1.160     0.360       0.19374100864
     1.200     0.360       0.19623760879
     1.240     0.360       0.19407884777
     1.280     0.360       0.18972571194
     1.320     0.360       0.19331040978
     1.360     0.360       0.20448820293
     1.400     0.360       0.20433227718
     1.440     0.360       0.18817988038
     1.480     0.360       0.18363937736
     1.520     0.360       0.19836936891
     1.560     0.360       0.20567901433
     1.600     0.360       0.19045715034
     0.080     0.400       0.18560329080
     0.120     0.400       0.20297339559
     0.160     0.400       0.19784580171
     0.200     0.400       0.18469522893
     0.240     0.400       0.18365223706
     0.280     0.400       0.18942070007
     0.320     0.400       0.19011636078
     0.360     0.400       0.18899884820
     0.400     0.400       0.19186381996
     0.440     0.400       0.19473123550
     0.480     0.400       0.19438940287
     0.520     0.400       0.19120335579
     0.560     0.400       0.18996806443
     0.600     0.400       0.19301064312
     0.640     0.400       0.19571921229
     0.680     0.400       0.19335778058
     0.720     0.400       0.18994982541
     0.760     0.400       0.18736650050
     0.800     0.400       0.18702684343
     0.840     0.400       0.18764360249
     0.880     0.400       0.18791864812
     0.920     0.400       0.18801301718
     0.960     0.400       0.19013994932
     1.000     0.400       0.19377163053
     1.040     0.400       0.19398599863
     1.080     0.400       0.18887703121
     1.120     0.400       0.18220025301
     1.160     0.400       0.18353179097
     1.200     0.400       0.18995939195
     1.240     0.400       0.19389396906
     1.280     0.400       0.19222134352
     1.320     0.400       0.19335846603
     1.360     0.400       0.19876468182
     1.400     0.400       0.19675691426
     1.440     0.400       0.18359093368
     1.480     0.400       0.18196448684
     1.520     0.400       0.19891355932
     1.560     0.400       0.20989352465
     1.600     0.400       0.19592623413
     0.080     0.440       0.18663929403
     0.120     0.440       0.20691017807
     0.160     0.440       0.20459389687
     0.200     0.440       0.19329985976
     0.240     0.440       0.19461990893
     0.280     0.440       0.20212842524
     0.320     0.440       0.20091569424
     0.360     0.440       0.19659166038
     0.400     0.440       0.19875375926
     0.440     0.440       0.20315888524
     0.480     0.440       0.20227648318
     0.520     0.440       0.19601833820
     0.560     0.440       0.19312447309
     0.600     0.440       0.19562791288
     0.640     0.440       0.19792255759
     0.680     0.440       0.19674371183
     0.720     0.440       0.19450703263
     0.760     0.440       0.19521917403
     0.800     0.440       0.19670471549
     0.840     0.440       0.19770516455
     0.880     0.440       0.19743269682
     0.920     0.440       0.19663691521
     0.960     0.440       0.19759540260
     1.000     0.440       0.20205749571
     1.040     0.440       0.20406992733
     1.080     0.440       0.19860903919
     1.120     0.440       0.19162221253
     1.160     0.440       0.19446216524
     1.200     0.440       0.20263279974
     1.240     0.440       0.20472881198
     1.280     0.440       0.19880263507
     1.320     0.440       0.19672730565
     1.360     0.440       0.20360997319
     1.400     0.440       0.20335668325
     1.440     0.440       0.19195660949
     1.480     0.440       0.19369108975
     1.520     0.440       0.21281413734
     1.560     0.440       0.21717903018
     1.600     0.440       0.19340665638
     0.080     0.480       0.18521103263
     0.120     0.480       0.20981667936
     0.160     0.480       0.20868997276
     0.200     0.480       0.19647817314
     0.240     0.480       0.20290258527
     0.280     0.480       0.21655675769
     0.320     0.480       0.21245244145
     0.360     0.480       0.20030868053
     0.400     0.480       0.19885644317
     0.440     0.480       0.20612834394
     0.480     0.480       0.20713363588
     0.520     0.480       0.19996325672
     0.560     0.480       0.19423560798
     0.600     0.480       0.19658440351
     0.640     0.480       0.19988943636
     0.680     0.480       0.20019589365
     0.720     0.480       0.20132255554
     0.760     0.480       0.20406685770
     0.800     0.480       0.20607212186
     0.840     0.480       0.20667921007
     0.880     0.480       0.20567698777
     0.920     0.480       0.20216201246
     0.960     0.480       0.20087313652
     1.000     0.480       0.20423501730
     1.040     0.480       0.20771317184
     1.080     0.480       0.20206665993
     1.120     0.480       0.19440183043
     1.160     0.480       0.19988051057
     1.200     0.480       0.21149583161
     1.240     0.480       0.20905022323
     1.280     0.480       0.19711601734
     1.320     0.480       0.19635610282
     1.360     0.480       0.20952324569
     1.400     0.480       0.21117436886
     1.440     0.480       0.19607754052
     1.480     0.480       0.19916135073
     1.520     0.480       0.22183790803
     1.560     0.480       0.21949754655
     1.600     0.480       0.18233273923
     0.080     0.520       0.18272878230
     0.120     0.520       0.20996314287
     0.160     0.520       0.20533135533
     0.200     0.520       0.18587641418
     0.240     0.520       0.19302837551
     0.280     0.520       0.21495771408
     0.320     0.520       0.21325820684
     0.360     0.520       0.19651962817
     0.400     0.520       0.19157899916
     0.440     0.520       0.20066136122
     0.480     0.520       0.20428133011
     0.520     0.520       0.19656832516
     0.560     0.520       0.19268970191
     0.600     0.520       0.19738823175
     0.640     0.520       0.20190264285
     0.680     0.520       0.20323628187
     0.720     0.520       0.20418305695
     0.760     0.520       0.20509146154
     0.800     0.520       0.20420435071
     0.840     0.520       0.20275917649
     0.880     0.520       0.20248536766
     0.920     0.520       0.20023758709
     0.960     0.520       0.19839648902
     1.000     0.520       0.20127281547
     1.040     0.520       0.20342232287
     1.080     0.520       0.19651915133
     1.120     0.520       0.18707691133
     1.160     0.520       0.19323976338
     1.200     0.520       0.20672687888
     1.240     0.520       0.20408406854
     1.280     0.520       0.19031849504
     1.320     0.520       0.19209316373
     1.360     0.520       0.20993690193
     1.400     0.520       0.21031102538
     1.440     0.520       0.18777778745
     1.480     0.520       0.18894933164
     1.520     0.520       0.21791549027
     1.560     0.520       0.21539583802
     1.600     0.520       0.17153500021
     0.080     0.560       0.18143722415
     0.120     0.560       0.21038690209
     0.160     0.560       0.20463849604
     0.200     0.560       0.17888893187
     0.240     0.560       0.18072125316
     0.280     0.560       0.20493406057
     0.320     0.560       0.20705221593
     0.360     0.560       0.19109642506
     0.400     0.560       0.18590395153
     0.440     0.560       0.19555965066
     0.480     0.560       0.20149216056
     0.520     0.560       0.19802857935
     0.560     0.560       0.19677267969
     0.600     0.560       0.20224142075
     0.640     0.560       0.20550942421
     0.680     0.560       0.20435765386
     0.720     0.560       0.20188027620
     0.760     0.560       0.20021486282
     0.800     0.560       0.19792251289
     0.840     0.560       0.19603265822
     0.880     0.560       0.19658155739
     0.920     0.560       0.19545522332
     0.960     0.560       0.19406601787
     1.000     0.560       0.19662511349
     1.040     0.560       0.20056614280
     1.080     0.560       0.19575625658
     1.120     0.560       0.18778687716
     1.160     0.560       0.19186253846
     1.200     0.560       0.20276832581
     1.240     0.560       0.19925962389
     1.280     0.560       0.18586605787
     1.320     0.560       0.18888132274
     1.360     0.560       0.20736709237
     1.400     0.560       0.20673292875
     1.440     0.560       0.18085321784
     1.480     0.560       0.18163807690
     1.520     0.560       0.21368190646
     1.560     0.560       0.21370381117
     1.600     0.560       0.16976481676
     0.080     0.600       0.18197637796
     0.120     0.600       0.21362367272
     0.160     0.600       0.21304449439
     0.200     0.600       0.18771968782
     0.240     0.600       0.18207374215
     0.280     0.600       0.19890788198
     0.320     0.600       0.20235992968
     0.360     0.600       0.19074875116
     0.400     0.600       0.18807454407
     0.440     0.600       0.19811514020
     0.480     0.600       0.20513303578
     0.520     0.600       0.20417074859
     0.560     0.600       0.20300191641
     0.600     0.600       0.20410591364
     0.640     0.600       0.20229402184
     0.680     0.600       0.19703201950
     0.720     0.600       0.19218485057
     0.760     0.600       0.18919789791
     0.800     0.600       0.18903826177
     0.840     0.600       0.19056896865
     0.880     0.600       0.19140060246
     0.920     0.600       0.19048130512
     0.960     0.600       0.18942303956
     1.000     0.600       0.19329877198
     1.040     0.600       0.19840684533
     1.080     0.600       0.19912849367
     1.120     0.600       0.19629447162
     1.160     0.600       0.19935405254
     1.200     0.600       0.20527403057
     1.240     0.600       0.20095768571
     1.280     0.600       0.18934747577
     1.320     0.600       0.19098633528
     1.360     0.600       0.20639166236
     1.400     0.600       0.20651564002
     1.440     0.600       0.18651443720
     1.480     0.600       0.18886186182
     1.520     0.600       0.21672128141
     1.560     0.600       0.21737250686
     1.600     0.600       0.17807963490
     0.080     0.640       0.18213462830
     0.120     0.640       0.21469390392
     0.160     0.640       0.21908834577
     0.200     0.640       0.19854679704
     0.240     0.640       0.18898162246
     0.280     0.640       0.20004959404
     0.320     0.640       0.20262569189
     0.360     0.640       0.19538140297
     0.400     0.640       0.19494019449
     0.440     0.640       0.20255801082
     0.480     0.640       0.20647414029
     0.520     0.640       0.20246692002
     0.560     0.640       0.19806037843
     0.600     0.640       0.19484351575
     0.640     0.640       0.19042098522
     0.680     0.640       0.18496242166
     0.720     0.640       0.18096068501
     0.760     0.640       0.18067623675
     0.800     0.640       0.18335656822
     0.840     0.640       0.18688793480
     0.880     0.640       0.18769918382
     0.920     0.640       0.18696206808
     0.960     0.640       0.18669487536
     1.000     0.640       0.19025382400
     1.040     0.640       0.19441790879
     1.080     0.640       0.19640260935
     1.120     0.640       0.19783264399
     1.160     0.640       0.20217670500
     1.200     0.640       0.20666693151
     1.240     0.640       0.20428520441
     1.280     0.640       0.19550985098
     1.320     0.640       0.19488397241
     1.360     0.640       0.20600581169
     1.400     0.640       0.20603138208
     1.440     0.640       0.19190165401
     1.480     0.640       0.19505368173
     1.520     0.640       0.21855738759
     1.560     0.640       0.22066089511
     1.600     0.640       0.18871407211
     0.080     0.680       0.17997483909
     0.120     0.680       0.21041877568
     0.160     0.680       0.21490192413
     0.200     0.680       0.19676473737
     0.240     0.680       0.18897268176
     0.280     0.680       0.20015251637
     0.320     0.680       0.20531108975
     0.360     0.680       0.19977255166
     0.400     0.680       0.19755420089
     0.440     0.680       0.20050293207
     0.480     0.680       0.19879250228
     0.520     0.680       0.19197992980
     0.560     0.680       0.18595854938
     0.600     0.680       0.18421465158
     0.640     0.680       0.18551445007
     0.680     0.680       0.18571783602
     0.720     0.680       0.18701547384
     0.760     0.680       0.19056959450
     0.800     0.680       0.19521734118
     0.840     0.680       0.19801242650
     0.880     0.680       0.19671943784
     0.920     0.680       0.19404141605
     0.960     0.680       0.19221422076
     1.000     0.680       0.19212462008
     1.040     0.680       0.19236221910
     1.080     0.680       0.19084824622
     1.120     0.680       0.19095616043
     1.160     0.680       0.19635316730
     1.200     0.680       0.20245313644
     1.240     0.680       0.20336642861
     1.280     0.680       0.19812588394
     1.320     0.680       0.19786056876
     1.360     0.680       0.20530861616
     1.400     0.680       0.20279797912
     1.440     0.680       0.18799543381
     1.480     0.680       0.19080212712
     1.520     0.680       0.21181878448
     1.560     0.680       0.21631956100
     1.600     0.680       0.19154223800
     0.080     0.720       0.17685335875
     0.120     0.720       0.20521572232
     0.160     0.720       0.20686684549
     0.200     0.720       0.18934287131
     0.240     0.720       0.18643844128
     0.280     0.720       0.20035474002
     0.320     0.720       0.20570860803
     0.360     0.720       0.19802233577
     0.400     0.720       0.19269680977
     0.440     0.720       0.19213087857
     0.480     0.720       0.19043867290
     0.520     0.720       0.18608918786
     0.560     0.720       0.18439415097
     0.600     0.720       0.18844072521
     0.640     0.720       0.19651155174
     0.680     0.720       0.20440325141
     0.720     0.720       0.20985595882
     0.760     0.720       0.21363855898
     0.800     0.720       0.21627822518
     0.840     0.720       0.21575896442
     0.880     0.720       0.21187289059
     0.920     0.720       0.20787714422
     0.960     0.720       0.20434780419
     1.000     0.720       0.20181974769
     1.040     0.720       0.19741609693
     1.080     0.720       0.19086042047
     1.120     0.720       0.18730255961
     1.160     0.720       0.19116106629
     1.200     0.720       0.19788359106
     1.240     0.720       0.19905766845
     1.280     0.720       0.19496567547
     1.320     0.720       0.19730812311
     1.360     0.720       0.20590485632
     1.400     0.720       0.20220476389
     1.440     0.720       0.18518140912
     1.480     0.720       0.18553663790
     1.520     0.720       0.20561747253
     1.560     0.720       0.21022175252
     1.600     0.720       0.18784900010
     0.080     0.760       0.17602378130
     0.120     0.760       0.20347997546
     0.160     0.760       0.20391245186
     0.200     0.760       0.18729043007
     0.240     0.760       0.18760868907
     0.280     0.760       0.20255887508
     0.320     0.760       0.20355772972
     0.360     0.760       0.19222681224
     0.400     0.760       0.18618093431
     0.440     0.760       0.18909241259
     0.480     0.760       0.19440603256
     0.520     0.760       0.19584386051
     0.560     0.760       0.19738447666
     0.600     0.760       0.20328098536
     0.640     0.760       0.21090540290
     0.680     0.760       0.21591864526
     0.720     0.760       0.21657481790
     0.760     0.760       0.21344000101
     0.800     0.760       0.20908424258
     0.840     0.760       0.20526181161
     0.880     0.760       0.20432145894
     0.920     0.760       0.20486530662
     0.960     0.760       0.20563495159
     1.000     0.760       0.20675486326
     1.040     0.760       0.20453633368
     1.080     0.760       0.19637887180
     1.120     0.760       0.18912558258
     1.160     0.760       0.19168578088
     1.200     0.760       0.19779624045
     1.240     0.760       0.19594891369
     1.280     0.760       0.18993856013
     1.320     0.760       0.19525028765
     1.360     0.760       0.20836332440
     1.400     0.760       0.20513756573
     1.440     0.760       0.18644221127
     1.480     0.760       0.18643514812
     1.520     0.760       0.20611931384
     1.560     0.760       0.20851160586
     1.600     0.760       0.18295788765
     0.080     0.800       0.17845825851
     0.120     0.800       0.20500725508
     0.160     0.800       0.20498321950
     0.200     0.800       0.19089396298
     0.240     0.800       0.19274887443
     0.280     0.800       0.20412956178
     0.320     0.800       0.20052868128
     0.360     0.800       0.18775749207
     0.400     0.800       0.18585272133
     0.440     0.800       0.19704897702
     0.480     0.800       0.20777694881
     0.520     0.800       0.20932933688
     0.560     0.800       0.20537877083
     0.600     0.800       0.20385588706
     0.640     0.800       0.20187509060
     0.680     0.800       0.19749113917
     0.720     0.800       0.18818013370
     0.760     0.800       0.17610479891
     0.800     0.800       0.16557458043
     0.840     0.800       0.16189029813
     0.880     0.800       0.16711655259
     0.920     0.800       0.17578111589
     0.960     0.800       0.18595464528
     1.000     0.800       0.19669160247
     1.040     0.800       0.20284588635
     1.080     0.800       0.19792640209
     1.120     0.800       0.19060012698
     1.160     0.800       0.19411696494
     1.200     0.800       0.20090451837
     1.240     0.800       0.19637523592
     1.280     0.800       0.18720182776
     1.320     0.800       0.19278039038
     1.360     0.800       0.20985995233
     1.400     0.800       0.20826773345
     1.440     0.800       0.18802137673
     1.480     0.800       0.18965479732
     1.520     0.800       0.21167834103
     1.560     0.800       0.21205933392
     1.600     0.800       0.18180909753
     0.080     0.840       0.17993237078
     0.120     0.840       0.20667202771
     0.160     0.840       0.20707340539
     0.200     0.840       0.19472004473
     0.240     0.840       0.19548729062
     0.280     0.840       0.20218408108
     0.320     0.840       0.19691485167
     0.360     0.840       0.18836560845
     0.400     0.840       0.19370666146
     0.440     0.840       0.20802067220
     0.480     0.840       0.21274811029
     0.520     0.840       0.20337249339
     0.560     0.840       0.19149997830
     0.600     0.840       0.18479254842
     0.640     0.840       0.17701429129
     0.680     0.840       0.16699340940
     0.720     0.840       0.15801770985
     0.760     0.840       0.15212921798
     0.800     0.840       0.15098455548
     0.840     0.840       0.15297020972
     0.880     0.840       0.15561205149
     0.920     0.840       0.15712866187
     0.960     0.840       0.16436567903
     1.000     0.840       0.17880992591
     1.040     0.840       0.19288493693
     1.080     0.840       0.19466021657
     1.120     0.840       0.19014820457
     1.160     0.840       0.19551280141
     1.200     0.840       0.20399038494
     1.240     0.840       0.19876407087
     1.280     0.840       0.18598671257
     1.320     0.840       0.19056984782
     1.360     0.840       0.20934453607
     1.400     0.840       0.20858913660
     1.440     0.840       0.18683668971
     1.480     0.840       0.18892103434
     1.520     0.840       0.21526868641
     1.560     0.840       0.21651452780
     1.600     0.840       0.18391492963
     0.080     0.880       0.17923589051
     0.120     0.880       0.20501847565
     0.160     0.880       0.20668348670
     0.200     0.880       0.19508673251
     0.240     0.880       0.19409890473
     0.280     0.880       0.19794920087
     0.320     0.880       0.19446861744
     0.360     0.880       0.19267985225
     0.400     0.880       0.20147365332
     0.440     0.880       0.20846061409
     0.480     0.880       0.19857744873
     0.520     0.880       0.18008287251
     0.560     0.880       0.17320120335
     0.600     0.880       0.17494584620
     0.640     0.880       0.17204058170
     0.680     0.880       0.16676503420
     0.720     0.880       0.17135801911
     0.760     0.880       0.19090153277
     0.800     0.880       0.21671289206
     0.840     0.880       0.23117154837
     0.880     0.880       0.21877498925
     0.920     0.880       0.19113282859
     0.960     0.880       0.17233552039
     1.000     0.880       0.17426526546
     1.040     0.880       0.18599890172
     1.080     0.880       0.19001547992
     1.120     0.880       0.18830613792
     1.160     0.880       0.19493156672
     1.200     0.880       0.20490553975
     1.240     0.880       0.20027230680
     1.280     0.880       0.18590958416
     1.320     0.880       0.18796864152
     1.360     0.880       0.20703761280
     1.400     0.880       0.20728355646
     1.440     0.880       0.18433421850
     1.480     0.880       0.18555194139
     1.520     0.880       0.21365945041
     1.560     0.880       0.21743662655
     1.600     0.880       0.18426387012
     0.080     0.920       0.17595833540
     0.120     0.920       0.20262439549
     0.160     0.920       0.20538099110
     0.200     0.920       0.19432958961
     0.240     0.920       0.19223703444
     0.280     0.920       0.19506949186
     0.320     0.920       0.19486258924
     0.360     0.920       0.19668301940
     0.400     0.920       0.20227046311
     0.440     0.920       0.19813513756
     0.480     0.920       0.18014320731
     0.520     0.920       0.17026488483
     0.560     0.920       0.18119940162
     0.600     0.920       0.19735082984
     0.640     0.920       0.20084509254
     0.680     0.920       0.19960922003
     0.720     0.920       0.21006414294
     0.760     0.920       0.24206890166
     0.800     0.920       0.28693753481
     0.840     0.920       0.31050604582
     0.880     0.920       0.28779104352
     0.920     0.920       0.23846729100
     0.960     0.920       0.19999766350
     1.000     0.920       0.18787282705
     1.040     0.920       0.19007965922
     1.080     0.920       0.18799346685
     1.120     0.920       0.18420358002
     1.160     0.920       0.19053752720
     1.200     0.920       0.20222951472
     1.240     0.920       0.19968336821
     1.280     0.920       0.18613019586
     1.320     0.920       0.18685425818
     1.360     0.920       0.20491257310
     1.400     0.920       0.20701985061
     1.440     0.920       0.18436412513
     1.480     0.920       0.18364469707
     1.520     0.920       0.21045270562
     1.560     0.920       0.21488499641
     1.600     0.920       0.18418154120
     0.080     0.960       0.17401149869
     0.120     0.960       0.20190723240
     0.160     0.960       0.20587807894
     0.200     0.960       0.19466708601
     0.240     0.960       0.19157320261
     0.280     0.960       0.19567924738
     0.320     0.960       0.19756405056
     0.360     0.960       0.19873565435
     0.400     0.960       0.19828905165
     0.440     0.960       0.18997687101
     0.480     0.960       0.17964765429
     0.520     0.960       0.18593448400
     0.560     0.960       0.20917677879
     0.600     0.960       0.22716388106
     0.640     0.960       0.22692827880
     0.680     0.960       0.21497714520
     0.720     0.960       0.19990038872
     0.760     0.960       0.19634340703
     0.800     0.960       0.21308483183
     0.840     0.960       0.21745903790
     0.880     0.960       0.20666313171
     0.920     0.960       0.19554819167
     0.960     0.960       0.18738681078
     1.000     0.960       0.19146589935
     1.040     0.960       0.19787444174
     1.080     0.960       0.19073094428
     1.120     0.960       0.18011966348
     1.160     0.960       0.18372736871
     1.200     0.960       0.19794540107
     1.240     0.960       0.19877631962
     1.280     0.960       0.18631227314
     1.320     0.960       0.18599393964
     1.360     0.960       0.20375575125
     1.400     0.960       0.20681241155
     1.440     0.960       0.18596549332
     1.480     0.960       0.18468892574
     1.520     0.960       0.20922021568
     1.560     0.960       0.21326930821
     1.600     0.960       0.18316066265
     0.080     1.000       0.17441855371
     0.120     1.000       0.20282042027
     0.160     1.000       0.20664878190
     0.200     1.000       0.19457329810
     0.240     1.000       0.19122163951
     0.280     1.000       0.19769315422
     0.320     1.000       0.20034743845
     0.360     1.000       0.19779056311
     0.400     1.000       0.19359628856
     0.440     1.000       0.18853987753
     0.480     1.000       0.19029508531
     0.520     1.000       0.20411555469
     0.560     1.000       0.22025068104
     0.600     1.000       0.22053705156
     0.640     1.000       0.19792005420
     0.680     1.000       0.16216656566
     0.720     1.000       0.12792479992
     0.760     1.000       0.10761049390
     0.800     1.000       0.09921082109
     0.840     1.000       0.07041227818
     0.880     1.000       0.07664494216
     0.920     1.000       0.11573553085
     0.960     1.000       0.13563598692
     1.000     1.000       0.16175861657
     1.040     1.000       0.19386619329
     1.080     1.000       0.19838476181
     1.120     1.000       0.18255893886
     1.160     1.000       0.17956443131
     1.200     1.000       0.19473804533
     1.240     1.000       0.19993261993
     1.280     1.000       0.18873423338
     1.320     1.000       0.18727542460
     1.360     1.000       0.20347839594
     1.400     1.000       0.20614938438
     1.440     1.000       0.18627329171
     1.480     1.000       0.18671324849
     1.520     1.000       0.21095845103
     1.560     1.000       0.21302515268
     1.600     1.000       0.18224701285
     0.080     1.040       0.17631281912
     0.120     1.040       0.20508244634
     0.160     1.040       0.20704600215
     0.200     1.040       0.19162301719
     0.240     1.040       0.18899349868
     0.280     1.040       0.19888138771
     0.320     1.040       0.20247992873
     0.360     1.040       0.19657585025
     0.400     1.040       0.19029396772
     0.440     1.040       0.18914778531
     0.480     1.040       0.19617527723
     0.520     1.040       0.20442320406
     0.560     1.040       0.19979952276
     0.600     1.040       0.17438599467
     0.640     1.040       0.13911485672
     0.680     1.040       0.11880596727
     0.720     1.040       0.13377769291
     0.760     1.040       0.18264637887
     0.800     1.040       0.23887425661
     0.840     1.040       0.24604573846
     0.880     1.040       0.22930249572
     0.920     1.040       0.20819444954
     0.960     1.040       0.14795301855
     1.000     1.040       0.12980861962
     1.040     1.040       0.18004836142
     1.080     1.040       0.21011421084
     1.120     1.040       0.19149449468
     1.160     1.040       0.17748312652
     1.200     1.040       0.19081646204
     1.240     1.040       0.20028321445
     1.280     1.040       0.19116614759
     1.320     1.040       0.18870508671
     1.360     1.040       0.20260225236
     1.400     1.040       0.20245102048
     1.440     1.040       0.18363414705
     1.480     1.040       0.18875937164
     1.520     1.040       0.21443726122
     1.560     1.040       0.21408106387
     1.600     1.040       0.18130259216
     0.080     1.080       0.17954154313
     0.120     1.080       0.20873326063
     0.160     1.080       0.20784792304
     0.200     1.080       0.18808643520
     0.240     1.080       0.18545550108
     0.280     1.080       0.19990527630
     0.320     1.080       0.20376712084
     0.360     1.080       0.19526280463
     0.400     1.080       0.18715991080
     0.440     1.080       0.18785680830
     0.480     1.080       0.19520050287
     0.520     1.080       0.19564263523
     0.560     1.080       0.17299847305
     0.600     1.080       0.14537799358
     0.640     1.080       0.15818700194
     0.680     1.080       0.21252803504
     0.720     1.080       0.25208768249
     0.760     1.080       0.27741044760
     0.800     1.080       0.33102512360
     0.840     1.080       0.41795748472
     0.880     1.080       0.35292091966
     0.920     1.080       0.35811948776
     0.960     1.080       0.23356698453
     1.000     1.080       0.12564609945
     1.040     1.080       0.17307990789
     1.080     1.080       0.22543297708
     1.120     1.080       0.20054006577
     1.160     1.080       0.17095588148
     1.200     1.080       0.18213337660
     1.240     1.080       0.19842687249
     1.280     1.080       0.19281187654
     1.320     1.080       0.18981127441
     1.360     1.080       0.20069253445
     1.400     1.080       0.19758124650
     1.440     1.080       0.18125990033
     1.480     1.080       0.19170042872
     1.520     1.080       0.21880632639
     1.560     1.080       0.21529863775
     1.600     1.080       0.17922523618
     0.080     1.120       0.18328629434
     0.120     1.120       0.21232105792
     0.160     1.120       0.20943270624
     0.200     1.120       0.18741655350
     0.240     1.120       0.18539178371
     0.280     1.120       0.20223213732
     0.320     1.120       0.20605576038
     0.360     1.120       0.19488452375
     0.400     1.120       0.18525509536
     0.440     1.120       0.18765930831
     0.480     1.120       0.19808039069
     0.520     1.120       0.19731839001
     0.560     1.120       0.17248867452
     0.600     1.120       0.16427336633
     0.640     1.120       0.23719027638
     0.680     1.120       0.30150365829
     0.720     1.120       0.25655797124
     0.760     1.120       0.28754812479
     0.800     1.120       0.05474964157
     0.840     1.120       0.39792510867
     0.880     1.120       0.04501564428
     0.920     1.120       0.31748491526
     0.960     1.120       0.26435303688
     1.000     1.120       0.11737996340
     1.040     1.120       0.17192399502
     1.080     1.120       0.23808066547
     1.120     1.120       0.20417197049
     1.160     1.120       0.16362547874
     1.200     1.120       0.17494302988
     1.240     1.120       0.19770331681
     1.280     1.120       0.19470110536
     1.320     1.120       0.19062046707
     1.360     1.120       0.19924066961
     1.400     1.120       0.19646672904
     1.440     1.120       0.18244110048
     1.480     1.120       0.19514009356
     1.520     1.120       0.22115257382
     1.560     1.120       0.21567997336
     1.600     1.120       0.17862337828
     0.080     1.160       0.18464510143
     0.120     1.160       0.21154633164
     0.160     1.160       0.20872735977
     0.200     1.160       0.18866589665
     0.240     1.160       0.18859873712
     0.280     1.160       0.20546475053
     0.320     1.160       0.20862796903
     0.360     1.160       0.19594994187
     0.400     1.160       0.18611040711
     0.440     1.160       0.19158233702
     0.480     1.160       0.20634898543
     0.520     1.160       0.21110725403
     0.560     1.160       0.18790829182
     0.600     1.160       0.17095772922
     0.640     1.160       0.22439250350
     0.680     1.160       0.22146248817
     0.720     1.160       0.05181928352
     0.760     1.160       0.40794786811
     0.800     1.160       0.41315263510
     0.840     1.160       0.51043397188
     0.880     1.160       0.08469942957
     0.920     1.160       0.23635384440
     0.960     1.160       0.20597298443
     1.000     1.160       0.09894107282
     1.040     1.160       0.17457887530
     1.080     1.160       0.23976512253
     1.120     1.160       0.20116968453
     1.160     1.160       0.16348947585
     1.200     1.160       0.17925047874
     1.240     1.160       0.20227740705
     1.280     1.160       0.19899663329
     1.320     1.160       0.19142830372
     1.360     1.160       0.19870260358
     1.400     1.160       0.19845914841
     1.440     1.160       0.18671350181
     1.480     1.160       0.19662317634
     1.520     1.160       0.21919912100
     1.560     1.160       0.21435567737
     1.600     1.160       0.17992171645
     0.080     1.200       0.18267598748
     0.120     1.200       0.20688360929
     0.160     1.200       0.20481887460
     0.200     1.200       0.18865929544
     0.240     1.200       0.19091154635
     0.280     1.200       0.20688989758
     0.320     1.200       0.20931711793
     0.360     1.200       0.19717565179
     0.400     1.200       0.18895903230
     0.440     1.200       0.19405129552
     0.480     1.200       0.20935554802
     0.520     1.200       0.21892778575
     0.560     1.200       0.19820560515
     0.600     1.200       0.14399632812
     0.640     1.200       0.12729854882
     0.680     1.200       0.19738896191
     0.720     1.200       0.23397907615
     0.760     1.200       0.09857417643
     0.800     1.200      -0.16945308447
     0.840     1.200       0.09616848081
     0.880     1.200       0.24318458140
     0.920     1.200       0.23331464827
     0.960     1.200       0.16290195286
     1.000     1.200       0.12781688571
     1.040     1.200       0.19875751436
     1.080     1.200       0.23116227984
     1.120     1.200       0.19246780872
     1.160     1.200       0.16840063035
     1.200     1.200       0.18993255496
     1.240     1.200       0.21024079621
     1.280     1.200       0.20234055817
     1.320     1.200       0.19113817811
     1.360     1.200       0.19815835357
     1.400     1.200       0.20027217269
     1.440     1.200       0.18945573270
     1.480     1.200       0.19306735694
     1.520     1.200       0.21224537492
     1.560     1.200       0.21150009334
     1.600     1.200       0.18237210810
     0.080     1.240       0.18094986677
     0.120     1.240       0.20398233831
     0.160     1.240       0.20203189552
     0.200     1.240       0.18871352077
     0.240     1.240       0.19047176838
     0.280     1.240       0.20414727926
     0.320     1.240       0.20657312870
     0.360     1.240       0.19753092527
     0.400     1.240       0.18984848261
     0.440     1.240       0.18939213455
     0.480     1.240       0.19737595320
     0.520     1.240       0.20952010155
     0.560     1.240       0.20461641252
     0.600     1.240       0.15065881610
     0.640     1.240       0.10065686703
     0.680     1.240       0.17850103974
     0.720     1.240       0.28798234463
     0.760     1.240       0.19563783705
     0.800     1.240       0.08029124886
     0.840     1.240       0.20776711404
     0.880     1.240       0.25858396292
     0.920     1.240       0.19890792668
     0.960     1.240       0.15020011365
     1.000     1.240       0.17369908094
     1.040     1.240       0.22421114147
     1.080     1.240       0.21961578727
     1.120     1.240       0.18001766503
     1.160     1.240       0.17129270732
     1.200     1.240       0.19680084288
     1.240     1.240       0.21384167671
     1.280     1.240       0.20149557292
     1.320     1.240       0.18802468479
     1.360     1.240       0.19537793100
     1.400     1.240       0.20178741217
     1.440     1.240       0.18959550560
     1.480     1.240       0.18811815977
     1.520     1.240       0.20652058721
     1.560     1.240       0.20997458696
     1.600     1.240       0.18335664272
     0.080     1.280       0.18231463432
     0.120     1.280       0.20587579906
     0.160     1.280       0.20530340075
     0.200     1.280       0.19088141620
     0.240     1.280       0.18969601393
     0.280     1.280       0.20017240942
     0.320     1.280       0.20262807608
     0.360     1.280       0.19684968889
     0.400     1.280       0.19038724899
     0.440     1.280       0.18357798457
     0.480     1.280       0.18044288456
     0.520     1.280       0.19295698404
     0.560     1.280       0.21170938015
     0.600     1.280       0.19691909850
     0.640     1.280       0.15407025814
     0.680     1.280       0.15689405799
     0.720     1.280       0.20105165243
     0.760     1.280       0.21656037867
     0.800     1.280       0.22089225054
     0.840     1.280       0.22125600278
     0.880     1.280       0.18742030859
     0.920     1.280       0.14590260386
     0.960     1.280       0.15195260942
     1.000     1.280       0.19572825730
     1.040     1.280       0.22698800266
     1.080     1.280       0.20751835406
     1.120     1.280       0.17506629229
     1.160     1.280       0.17697158456
     1.200     1.280       0.20230704546
     1.240     1.280       0.21285551786
     1.280     1.280       0.19710712135
     1.320     1.280       0.18443022668
     1.360     1.280       0.19591590762
     1.400     1.280       0.20579327643
     1.440     1.280       0.19263538718
     1.480     1.280       0.18831844628
     1.520     1.280       0.20778216422
     1.560     1.280       0.21172915399
     1.600     1.280       0.18335366249
     0.080     1.320       0.18392059207
     0.120     1.320       0.21286009252
     0.160     1.320       0.21348457038
     0.200     1.320       0.19607615471
     0.240     1.320       0.19096504152
     0.280     1.320       0.20071186125
     0.320     1.320       0.20259070396
     0.360     1.320       0.19757115841
     0.400     1.320       0.19366182387
     0.440     1.320       0.18518637121
     0.480     1.320       0.17523971200
     0.520     1.320       0.18410453200
     0.560     1.320       0.21427303553
     0.600     1.320       0.22971802950
     0.640     1.320       0.20539796352
     0.680     1.320       0.16837257147
     0.720     1.320       0.15566849709
     0.760     1.320       0.16630779207
     0.800     1.320       0.16969665885
     0.840     1.320       0.16526952386
     0.880     1.320       0.16012071073
     0.920     1.320       0.16142681241
     0.960     1.320       0.17668463290
     1.000     1.320       0.19245828688
     1.040     1.320       0.20698437095
     1.080     1.320       0.19585204124
     1.120     1.320       0.18090343475
     1.160     1.320       0.19032926857
     1.200     1.320       0.21112041175
     1.240     1.320       0.21231284738
     1.280     1.320       0.19313825667
     1.320     1.320       0.18384534121
     1.360     1.320       0.20107243955
     1.400     1.320       0.21226039529
     1.440     1.320       0.19646249712
     1.480     1.320       0.19225884974
     1.520     1.320       0.21374514699
     1.560     1.320       0.21638363600
     1.600     1.320       0.18320873380
     0.080     1.360       0.18435606360
     0.120     1.360       0.21933016181
     0.160     1.360       0.22037252784
     0.200     1.360       0.19591976702
     0.240     1.360       0.19051501155
     0.280     1.360       0.20519316196
     0.320     1.360       0.20751476288
     0.360     1.360       0.20074741542
     0.400     1.360       0.19880729914
     0.440     1.360       0.19429464638
     0.480     1.360       0.18373745680
     0.520     1.360       0.18389685452
     0.560     1.360       0.20595321059
     0.600     1.360       0.22630721331
     0.640     1.360       0.21843555570
     0.680     1.360       0.18950355053
     0.720     1.360       0.18008899689
     0.760     1.360       0.19137500226
     0.800     1.360       0.17702351511
     0.840     1.360       0.16948717833
     0.880     1.360       0.19492354989
     0.920     1.360       0.21339561045
     0.960     1.360       0.21219888330
     1.000     1.360       0.19884461164
     1.040     1.360       0.19458514452
     1.080     1.360       0.18975907564
     1.120     1.360       0.18718555570
     1.160     1.360       0.19969278574
     1.200     1.360       0.21454757452
     1.240     1.360       0.21010199189
     1.280     1.360       0.18991063535
     1.320     1.360       0.18558295071
     1.360     1.360       0.20551273227
     1.400     1.360       0.21320034564
     1.440     1.360       0.19235663116
     1.480     1.360       0.18762351573
     1.520     1.360       0.21471045911
     1.560     1.360       0.21859014034
     1.600     1.360       0.18228417635
     0.080     1.400       0.18147359788
     0.120     1.400       0.22194373608
     0.160     1.400       0.21779356897
     0.200     1.400       0.18345966935
     0.240     1.400       0.18098166585
     0.280     1.400       0.20814210176
     0.320     1.400       0.21416376531
     0.360     1.400       0.20232118666
     0.400     1.400       0.19953137636
     0.440     1.400       0.20281398296
     0.480     1.400       0.19468061626
     0.520     1.400       0.18591295183
     0.560     1.400       0.19180016220
     0.600     1.400       0.20257152617
     0.640     1.400       0.20013284683
     0.680     1.400       0.18714983761
     0.720     1.400       0.19031456113
     0.760     1.400       0.21150048077
     0.800     1.400       0.21636943519
     0.840     1.400       0.21342538297
     0.880     1.400       0.21917237341
     0.920     1.400       0.21847288311
     0.960     1.400       0.20520959795
     1.000     1.400       0.19233202934
     1.040     1.400       0.18789851665
     1.080     1.400       0.18593071401
     1.120     1.400       0.18454949558
     1.160     1.400       0.19265925884
     1.200     1.400       0.20413777232
     1.240     1.400       0.20085267723
     1.280     1.400       0.18608100712
     1.320     1.400       0.18734635413
     1.360     1.400       0.20628245175
     1.400     1.400       0.20791198313
     1.440     1.400       0.18246191740
     1.480     1.400       0.17890568078
     1.520     1.400       0.21002413332
     1.560     1.400       0.21673834324
     1.600     1.400       0.18199197948
     0.080     1.440       0.17776744068
     0.120     1.440       0.22077873349
     0.160     1.440       0.21429522336
     0.200     1.440       0.17347487807
     0.240     1.440       0.17464509606
     0.280     1.440       0.21088981628
     0.320     1.440       0.21758939326
     0.360     1.440       0.19944696128
     0.400     1.440       0.19587655365
     0.440     1.440       0.20493666828
     0.480     1.440       0.20429499447
     0.520     1.440       0.19142006338
     0.560     1.440       0.18525034189
     0.600     1.440       0.18761473894
     0.640     1.440       0.18409389257
     0.680     1.440       0.17610563338
     0.720     1.440       0.18182307482
     0.760     1.440       0.20225208998
     0.800     1.440       0.21473006904
     0.840     1.440       0.21040961146
     0.880     1.440       0.20032155514
     0.920     1.440       0.18887311220
     0.960     1.440       0.17954340577
     1.000     1.440       0.17893473804
     1.040     1.440       0.18717603385
     1.080     1.440       0.19094367325
     1.120     1.440       0.18693473935
     1.160     1.440       0.18528227508
     1.200     1.440       0.19040320814
     1.240     1.440       0.19003573060
     1.280     1.440       0.18436887860
     1.320     1.440       0.18971166015
     1.360     1.440       0.20759303868
     1.400     1.440       0.20687574148
     1.440     1.440       0.18426977098
     1.480     1.440       0.18196295202
     1.520     1.440       0.20803691447
     1.560     1.440       0.21389691532
     1.600     1.440       0.18416208029
     0.080     1.480       0.17664144933
     0.120     1.480       0.22106651962
     0.160     1.480       0.22039867938
     0.200     1.480       0.18669892848
     0.240     1.480       0.18717654049
     0.280     1.480       0.21607305110
     0.320     1.480       0.21638996899
     0.360     1.480       0.19509628415
     0.400     1.480       0.19166898727
     0.440     1.480       0.20566868782
     0.480     1.480       0.21172253788
     0.520     1.480       0.20205143094
     0.560     1.480       0.19328446686
     0.600     1.480       0.19337722659
     0.640     1.480       0.19211128354
     0.680     1.480       0.18571017683
     0.720     1.480       0.18525673449
     0.760     1.480       0.19020429254
     0.800     1.480       0.18466900289
     0.840     1.480       0.17302075028
     0.880     1.480       0.17324988544
     0.920     1.480       0.17721538246
     0.960     1.480       0.17950738966
     1.000     1.480       0.18676246703
     1.040     1.480       0.20051914454
     1.080     1.480       0.20899006724
     1.120     1.480       0.20383322239
     1.160     1.480       0.19459396601
     1.200     1.480       0.19164861739
     1.240     1.480       0.19041956961
     1.280     1.480       0.18911328912
     1.320     1.480       0.19565711915
     1.360     1.480       0.21006427705
     1.400     1.480       0.21210525930
     1.440     1.480       0.19732449949
     1.480     1.480       0.19443394244
     1.520     1.480       0.20981827378
     1.560     1.480       0.21251310408
     1.600     1.480       0.18958313763
     0.080     1.520       0.17976710200
     0.120     1.520       0.21897792816
     0.160     1.520       0.22346633673
     0.200     1.520       0.20225328207
     0.240     1.520       0.20104207098
     0.280     1.520       0.21599815786
     0.320     1.520       0.20931603014
     0.360     1.520       0.19170379639
     0.400     1.520       0.19163566828
     0.440     1.520       0.20616772771
     0.480     1.520       0.21371367574
     0.520     1.520       0.20720425248
     0.560     1.520       0.20225900412
     0.600     1.520       0.20695900917
     0.640     1.520       0.21063639224
     0.680     1.520       0.20637117326
     0.720     1.520       0.20012626052
     0.760     1.520       0.19245950878
     0.800     1.520       0.18028028309
     0.840     1.520       0.17751473188
     0.880     1.520       0.19472610950
     0.920     1.520       0.20558781922
     0.960     1.520       0.20392252505
     1.000     1.520       0.20491474867
     1.040     1.520       0.21351884305
     1.080     1.520       0.21831192076
     1.120     1.520       0.21267735958
     1.160     1.520       0.20316438377
     1.200     1.520       0.19855825603
     1.240     1.520       0.19744816422
     1.280     1.520       0.19696159661
     1.320     1.520       0.20163266361
     1.360     1.520       0.20973290503
     1.400     1.520       0.21158018708
     1.440     1.520       0.20302401483
     1.480     1.520       0.20009449124
     1.520     1.520       0.20834802091
     1.560     1.520       0.21124006808
     1.600     1.520       0.19580562413
     0.080     1.560       0.18622167408
     0.120     1.560       0.21326230466
     0.160     1.560       0.21314021945
     0.200     1.560       0.19731995463
     0.240     1.560       0.19617640972
     0.280     1.560       0.20368015766
     0.320     1.560       0.19913753867
     0.360     1.560       0.19117774069
     0.400     1.560       0.19528397918
     0.440     1.560       0.20480957627
     0.480     1.560       0.20665009320
     0.520     1.560       0.19954082370
     0.560     1.560       0.19752819836
     0.600     1.560       0.20630249381
     0.640     1.560       0.21531009674
     0.680     1.560       0.21514724195
     0.720     1.560       0.20948359370
     0.760     1.560       0.20510627329
     0.800     1.560       0.20564894378
     0.840     1.560       0.21561385691
     0.880     1.560       0.22846204042
     0.920     1.560       0.22532665730
     0.960     1.560       0.21149170399
     1.000     1.560       0.20639316738
     1.040     1.560       0.20715388656
     1.080     1.560       0.20356647670
     1.120     1.560       0.19560404122
     1.160     1.560       0.19150584936
     1.200     1.560       0.19358751178
     1.240     1.560       0.19769454002
     1.280     1.560       0.19945782423
     1.320     1.560       0.19906018674
     1.360     1.560       0.20015092194
     1.400     1.560       0.19930067658
     1.440     1.560       0.19440858066
     1.480     1.560       0.19188617170
     1.520     1.560       0.20021465421
     1.560     1.560       0.20630691946
     1.600     1.560       0.19626693428
     0.080     1.600       0.18914850056
     0.120     1.600       0.20639692247
     0.160     1.600       0.19882324338
     0.200     1.600       0.18389597535
     0.240     1.600       0.18341146410
     0.280     1.600       0.19414584339
     0.320     1.600       0.19606691599
     0.360     1.600       0.19440041482
     0.400     1.600       0.19765354693
     0.440     1.600       0.20068809390
     0.480     1.600       0.19721330702
     0.520     1.600       0.18930795789
     0.560     1.600       0.18548904359
     0.600     1.600       0.19129824638
     0.640     1.600       0.20133307576
     0.680     1.600       0.20558026433
     0.720     1.600       0.20251911879
     0.760     1.600       0.20144203305
     0.800     1.600       0.20750246942
     0.840     1.600       0.21590551734
     0.880     1.600       0.21593023837
     0.920     1.600       0.20310543478
     0.960     1.600       0.18970182538
     1.000     1.600       0.18708141148
     1.040     1.600       0.18806403875
     1.080     1.600       0.18367002904
     1.120     1.600       0.17878614366
     1.160     1.600       0.17968121171
     1.200     1.600       0.18628276885
     1.240     1.600       0.19264058769
     1.280     1.600       0.19290004671
     1.320     1.600       0.18932199478
     1.360     1.600       0.18835425377
     1.400     1.600       0.18926845491
     1.440     1.600       0.18585495651
     1.480     1.600       0.18482346833
     1.520     1.600       0.19363847375
     1.560     1.600       0.20036102831
     1.600     1.600       0.18864107132
     0.080     1.640       0.18645998836
     0.120     1.640       0.20667609572
     0.160     1.640       0.20018471777
     0.200     1.640       0.18423852324
     0.240     1.640       0.18576331437
     0.280     1.640       0.20261533558
     0.320     1.640       0.20772247016
     0.360     1.640       0.20223736763
     0.400     1.640       0.19949513674
     0.440     1.640       0.19991315901
     0.480     1.640       0.19870388508
     0.520     1.640       0.19418027997
     0.560     1.640       0.18817169964
     0.600     1.640       0.18622758985
     0.640     1.640       0.18897531927
     0.680     1.640       0.19059181213
     0.720     1.640       0.18804773688
     0.760     1.640       0.18614460528
     0.800     1.640       0.18840083480
     0.840     1.640       0.19116538763
     0.880     1.640       0.18869464099
     0.920     1.640       0.18149195611
     0.960     1.640       0.17728598416
     1.000     1.640       0.18121834099
     1.040     1.640       0.18678094447
     1.080     1.640       0.18912263215
     1.120     1.640       0.19060908258
     1.160     1.640       0.19413538277
     1.200     1.640       0.19761708379
     1.240     1.640       0.19664923847
     1.280     1.640       0.18943893909
     1.320     1.640       0.18586252630
     1.360     1.640       0.19264486432
     1.400     1.640       0.20045967400
     1.440     1.640       0.19500669837
     1.480     1.640       0.19092001021
     1.520     1.640       0.19942554832
     1.560     1.640       0.20107586682
     1.600     1.640       0.18112666905
     0.080     1.680       0.18196924031
     0.120     1.680       0.21600687504
     0.160     1.680       0.21939229965
     0.200     1.680       0.20019362867
     0.240     1.680       0.19856244326
     0.280     1.680       0.21887126565
     0.320     1.680       0.22478856146
     0.360     1.680       0.21172042191
     0.400     1.680       0.20150645077
     0.440     1.680       0.20332694054
     0.480     1.680       0.20852369070
     0.520     1.680       0.20930495858
     0.560     1.680       0.20579542220
     0.600     1.680       0.20131261647
     0.640     1.680       0.19709503651
     0.680     1.680       0.19173964858
     0.720     1.680       0.18713155389
     0.760     1.680       0.18634183705
     0.800     1.680       0.18868289888
     0.840     1.680       0.19039283693
     0.880     1.680       0.19138203561
     0.920     1.680       0.19192644954
     0.960     1.680       0.19542135298
     1.000     1.680       0.20115341246
     1.040     1.680       0.20910166204
     1.080     1.680       0.21548691392
     1.120     1.680       0.21831479669
     1.160     1.680       0.21867685020
     1.200     1.680       0.21686752141
     1.240     1.680       0.20731471479
     1.280     1.680       0.19438847899
     1.320     1.680       0.19371649623
     1.360     1.680       0.21061238647
     1.400     1.680       0.22150278091
     1.440     1.680       0.21028338373
     1.480     1.680       0.19980706275
     1.520     1.680       0.21019436419
     1.560     1.680       0.20903897285
     1.600     1.680       0.17843848467
     0.080     1.720       0.18001191318
     0.120     1.720       0.22650705278
     0.160     1.720       0.23396506906
     0.200     1.720       0.20427829027
     0.240     1.720       0.19283378124
     0.280     1.720       0.21506065130
     0.320     1.720       0.22403173149
     0.360     1.720       0.20750820637
     0.400     1.720       0.19531521201
     0.440     1.720       0.20068907738
     0.480     1.720       0.20892773569
     0.520     1.720       0.20762309432
     0.560     1.720       0.20498150587
     0.600     1.720       0.21023456752
     0.640     1.720       0.21222235262
     0.680     1.720       0.20620079339
     0.720     1.720       0.19992689788
     0.760     1.720       0.20022094250
     0.800     1.720       0.20293536782
     0.840     1.720       0.20182776451
     0.880     1.720       0.20054410398
     0.920     1.720       0.20315228403
     0.960     1.720       0.20868819952
     1.000     1.720       0.21307815611
     1.040     1.720       0.21700297296
     1.080     1.720       0.21769924462
     1.120     1.720       0.21234367788
     1.160     1.720       0.20848149061
     1.200     1.720       0.20898845792
     1.240     1.720       0.20370189846
     1.280     1.720       0.19276824594
     1.320     1.720       0.19436791539
     1.360     1.720       0.21217763424
     1.400     1.720       0.21886259317
     1.440     1.720       0.19898845255
     1.480     1.720       0.18792386353
     1.520     1.720       0.20852294564
     1.560     1.720       0.21261271834
     1.600     1.720       0.17794211209
     0.080     1.760       0.18002505600
     0.120     1.760       0.22571547329
     0.160     1.760       0.22314631939
     0.200     1.760       0.18154776096
     0.240     1.760       0.16839228570
     0.280     1.760       0.19481000304
     0.320     1.760       0.20679371059
     0.360     1.760       0.19119498134
     0.400     1.760       0.18206723034
     0.440     1.760       0.19378034770
     0.480     1.760       0.20361703634
     0.520     1.760       0.19217671454
     0.560     1.760       0.18127173185
     0.600     1.760       0.19285577536
     0.640     1.760       0.20828369260
     0.680     1.760       0.20896488428
     0.720     1.760       0.20459298790
     0.760     1.760       0.20451869071
     0.800     1.760       0.20424750447
     0.840     1.760       0.19760908186
     0.880     1.760       0.19080571830
     0.920     1.760       0.19190062582
     0.960     1.760       0.19552199543
     1.000     1.760       0.19588656723
     1.040     1.760       0.19388389587
     1.080     1.760       0.18781206012
     1.120     1.760       0.17759846151
     1.160     1.760       0.17515139282
     1.200     1.760       0.18465168774
     1.240     1.760       0.18869033456
     1.280     1.760       0.18273997307
     1.320     1.760       0.18389686942
     1.360     1.760       0.19574315846
     1.400     1.760       0.19437032938
     1.440     1.760       0.17251984775
     1.480     1.760       0.16883732378
     1.520     1.760       0.19987064600
     1.560     1.760       0.20983947814
     1.600     1.760       0.17648810148
     0.080     1.800       0.18210868537
     0.120     1.800       0.21903033555
     0.160     1.800       0.20905545354
     0.200     1.800       0.16992764175
     0.240     1.800       0.17212210596
     0.280     1.800       0.20276801288
     0.320     1.800       0.20678387582
     0.360     1.800       0.18515382707
     0.400     1.800       0.17783178389
     0.440     1.800       0.19728977978
     0.480     1.800       0.21505336463
     0.520     1.800       0.20223930478
     0.560     1.800       0.17949441075
     0.600     1.800       0.18147332966
     0.640     1.800       0.19585020840
     0.680     1.800       0.20082664490
     0.720     1.800       0.19893249869
     0.760     1.800       0.19873701036
     0.800     1.800       0.19907131791
     0.840     1.800       0.19547890127
     0.880     1.800       0.19215552509
     0.920     1.800       0.19275036454
     0.960     1.800       0.19209589064
     1.000     1.800       0.18784260750
     1.040     1.800       0.18514162302
     1.080     1.800       0.18311098218
     1.120     1.800       0.18055120111
     1.160     1.800       0.18419782817
     1.200     1.800       0.19347056746
     1.240     1.800       0.19468298554
     1.280     1.800       0.18655337393
     1.320     1.800       0.18670882285
     1.360     1.800       0.19469209015
     1.400     1.800       0.19394347072
     1.440     1.800       0.18020440638
     1.480     1.800       0.18302321434
     1.520     1.800       0.20809386671
     1.560     1.800       0.21154452860
     1.600     1.800       0.17765690386
     0.080     1.840       0.18849544227
     0.120     1.840       0.21812537313
     0.160     1.840       0.21589776874
     0.200     1.840       0.20156897604
     0.240     1.840       0.21447533369
     0.280     1.840       0.23335640132
     0.320     1.840       0.22197657824
     0.360     1.840       0.19572553039
     0.400     1.840       0.18932090700
     0.440     1.840       0.20949181914
     0.480     1.840       0.23166054487
     0.520     1.840       0.22938181460
     0.560     1.840       0.21003842354
     0.600     1.840       0.19971261919
     0.640     1.840       0.20124879479
     0.680     1.840       0.20100770891
     0.720     1.840       0.19895352423
     0.760     1.840       0.19923304021
     0.800     1.840       0.20360369980
     0.840     1.840       0.20835073292
     0.880     1.840       0.21249702573
     0.920     1.840       0.21476227045
     0.960     1.840       0.21103653312
     1.000     1.840       0.20552180707
     1.040     1.840       0.20507197082
     1.080     1.840       0.21033076942
     1.120     1.840       0.21665656567
     1.160     1.840       0.22160418332
     1.200     1.840       0.22182404995
     1.240     1.840       0.21364185214
     1.280     1.840       0.20296970010
     1.320     1.840       0.20254109800
     1.360     1.840       0.21198526025
     1.400     1.840       0.21634073555
     1.440     1.840       0.21188326180
     1.480     1.840       0.21341376007
     1.520     1.840       0.22336706519
     1.560     1.840       0.21671020985
     1.600     1.840       0.18336489797
     0.080     1.880       0.19272670150
     0.120     1.880       0.21217681468
     0.160     1.880       0.21289256215
     0.200     1.880       0.21350269020
     0.240     1.880       0.22456999123
     0.280     1.880       0.23201888800
     0.320     1.880       0.22022727132
     0.360     1.880       0.20636454225
     0.400     1.880       0.20441971719
     0.440     1.880       0.21266992390
     0.480     1.880       0.22203546762
     0.520     1.880       0.22232623398
     0.560     1.880       0.21393169463
     0.600     1.880       0.20662534237
     0.640     1.880       0.20444989204
     0.680     1.880       0.20346948504
     0.720     1.880       0.20055700839
     0.760     1.880       0.19964186847
     0.800     1.880       0.20172093809
     0.840     1.880       0.20729894936
     0.880     1.880       0.21238577366
     0.920     1.880       0.21491535008
     0.960     1.880       0.21232341230
     1.000     1.880       0.20907960832
     1.040     1.880       0.20928755403
     1.080     1.880       0.21418417990
     1.120     1.880       0.21890775859
     1.160     1.880       0.21955166757
     1.200     1.880       0.21602421999
     1.240     1.880       0.20904314518
     1.280     1.880       0.20480458438
     1.320     1.880       0.20570026338
     1.360     1.880       0.21089856327
     1.400     1.880       0.21413493156
     1.440     1.880       0.21150691807
     1.480     1.880       0.21183957160
     1.520     1.880       0.21561466157
     1.560     1.880       0.21118409932
     1.600     1.880       0.18708400428
     0.080     1.920       0.17859235406
     0.120     1.920       0.18596759439
     0.160     1.920       0.17987230420
     0.200     1.920       0.17811585963
     0.240     1.920       0.18432374299
     0.280     1.920       0.18992558122
     0.320     1.920       0.19321095943
     0.360     1.920       0.19791615009
     0.400     1.920       0.20101505518
     0.440     1.920       0.19487373531
     0.480     1.920       0.18362314999
     0.520     1.920       0.17548742890
     0.560     1.920       0.17377047241
     0.600     1.920       0.17703877389
     0.640     1.920       0.18300738931
     0.680     1.920       0.18800544739
     0.720     1.920       0.18791687489
     0.760     1.920       0.18467685580
     0.800     1.920       0.18057160079
     0.840     1.920       0.17909987271
     0.880     1.920       0.17982159555
     0.920     1.920       0.18111705780
     0.960     1.920       0.18117547035
     1.000     1.920       0.18045273423
     1.040     1.920       0.18011021614
     1.080     1.920       0.17897902429
     1.120     1.920       0.17669738829
     1.160     1.920       0.17428019643
     1.200     1.920       0.17413096130
     1.240     1.920       0.17678254843
     1.280     1.920       0.18120060861
     1.320     1.920       0.18311095238
     1.360     1.920       0.18136249483
     1.400     1.920       0.17774078250
     1.440     1.920       0.17395104468
     1.480     1.920       0.17468765378
     1.520     1.920       0.18226119876
     1.560     1.920       0.18743233383
     1.600     1.920       0.17571930587
